1,32,43,44,45,47
25,60478,60477,60453,60461,60468
33,3935,46678,1138,46694,46697
39,169,170,176,175,145
51,316,336,3940,6802,332
72,48924,48914,48919,48916,48915
89,46222,46090,46093,6586,540
116,46000,759,752,751,743
118,62440,46877,62434,62442,62451
149,59823,59822,59813,59817,3655
174,56446,2129,45992,45976,2122
197,2523,2522,2541,1231,1221
210,1353,1294,1300,1290,1293
220,46704,2973,31370,2974,1386
225,55480,41747,41722,3233,48663
243,48927,5508,436,459,5517
244,50156,1567,1547,1571,50157
253,1697,1696,1694,1699,1691
278,6635,65855,65852,1796,1797
286,5604,48788,1425,48017,2848
293,1674,49083,1671,4751,1680
316,46605,2010,2763,2786,2778
317,2763,46605,2780,2019,1590
324,1372,2065,1366,1369,2310
385,3086,3080,3085,3074,3075
417,2009,2764,2775,2774,2010
434,46523,46522,46516,46519,46521
439,2161,2180,2155,2162,2187
443,2932,2933,2171,2155,2939
444,2939,2932,2167,2929,2955
462,46697,46694,46692,6799,46696
489,90,3228,3224,3225,477
492,45997,3245,3235,45990,45992
516,1086,3410,3402,4101,1091
532,48028,45986,48036,5598,45992
563,47906,47905,47904,1464,47891
564,48812,48811,46611,47671,3727
584,48576,62866,48379,50165,3858
585,49363,49355,49335,49371,49304
616,2240,2239,6498,2246,2238
676,2009,2010,48836,48829,2004
677,3733,46460,3773,5607,48813
718,2636,4811,4794,4806,47328
743,53838,73243,73238,74136,54852
757,4188,5059,4176,5060,4172
799,5319,5329,2749,5335,5325
807,35254,35247,35255,52224,5392
852,47774,5636,45903,5622,5637
853,47771,5677,5613,5673,47770
854,45903,5613,5614,47771,47770
855,47774,47770,5637,5677,5616
863,2123,5756,5751,5757,5752
939,47853,47001,47843,45947,45967
954,57,6352,6339,6347,6345
971,59514,48120,5178,5195,48446
978,5949,65905,65904,65903,6475
989,46235,6572,46222,6585,6580
1003,67803,6684,67794,67791,57339
1004,67803,67790,67808,57339,6559
1051,45989,46975,1097,145,48042
1052,3256,6631,6640,5047,6626
1057,46195,46196,46183,46192,46184
1074,35318,266,275,284,4326
1078,51033,7183,7177,7178,7172
1079,51033,7177,7183,7178,7172
1116,37851,37849,7407,37850,37848
1118,39311,38198,38205,38201,39312
1135,7506,7554,7571,23696,7555
1136,7506,23690,23681,7554,23694
1139,10343,50136,50181,54471,50190
1145,72551,37209,53557,37217,53558
1146,74488,60946,7632,74495,9062
1147,74495,60946,74488,9044,10358
1148,21754,7655,7684,7673,7678
1150,21774,7660,21754,21773,21735
1151,21776,7661,21783,7678,21735
1171,52079,7804,52072,52056,7817
1172,52079,7804,52056,52072,52061
1173,52079,7804,52056,52072,7817
1180,10538,51634,51642,51643,51628
1181,10538,51642,51634,54101,51640
1182,9036,9114,9081,51634,9067
1183,51634,9036,51642,51636,9114
1217,8274,8267,8270,8266,8268
1231,53393,10337,74626,10340,10373
1232,10359,10380,10379,10373,10358
1235,54481,54350,54474,54475,53643
1237,21226,57252,57142,8233,8258
1248,52149,72260,8331,72358,8353
1259,16248,16230,16247,16259,16257
1265,49744,49743,49823,49824,49805
1282,54850,54858,54847,50452,54846
1285,19395,52686,57224,52667,8050
1292,17552,17562,17584,17546,17563
1293,8631,9014,54134,8639,9179
1338,51671,51696,51670,51672,51713
1339,51696,51672,51671,51670,51713
1346,9179,52495,9024,52471,43940
1347,9179,52471,9024,52485,7602
1348,9179,52485,52471,9092,9024
1349,9179,52485,52471,7865,9175
1350,9179,51645,9178,9165,9166
1351,9179,7607,7595,52471,10142
1352,10142,7620,10161,10150,9073
1353,9179,9064,9092,51550,9024
1354,30997,9179,37539,7626,9178
1357,9179,30997,9166,53401,9178
1358,52471,9179,52485,30997,52490
1367,9083,9170,9171,9023,9065
1368,60721,9175,9178,9166,60656
1378,54341,54296,54333,9242,54318
1392,51832,51817,9357,51828,9339
1398,9108,9381,9388,9395,9389
1409,53331,53302,53337,53338,53315
1427,9479,9571,9577,9572,9546
1439,32435,9643,32459,54676,54678
1441,54087,54479,54083,54082,38188
1466,19627,9945,3061,3064,9867
1472,53555,9843,9963,9948,53552
1496,44737,16535,44746,10088,43468
1516,10380,10337,10379,10336,10339
1528,54787,39045,72559,54255,54368
1530,8216,54741,54488,7871,54481
1543,10405,10439,10422,10433,10420
1544,10405,10439,10436,10422,10421
1563,54494,10569,10563,10564,10565
1578,13640,10632,10647,10630,10646
1637,76944,76927,11086,11076,11101
1646,59981,56643,56637,59980,59984
1647,59073,59078,56645,59074,59079
1648,56643,55322,55708,55477,56633
1649,55322,56637,56648,55708,56633
1650,58254,56633,58301,56637,59080
1672,13236,11342,13231,13219,11321
1673,13236,11342,13231,60137,11321
1721,11733,11728,10643,11732,19982
1733,44933,11183,11157,81970,19789
1767,16719,16708,11987,11983,11984
1770,16719,11987,11988,16708,11984
1771,16719,16708,11987,16679,11984
1787,80999,19501,22086,10667,22105
1801,63073,12211,56811,12210,12232
1946,14994,14993,19965,13238,13213
1954,12611,12610,12628,15168,15176
1961,15399,15395,15462,15457,44963
1962,79331,79335,78159,79321,79334
1992,79432,13535,79431,13540,14249
2019,16576,16538,16597,16555,16570
2056,13644,13646,14016,14024,13645
2103,59819,15224,79327,15353,79332
2126,14464,14480,14485,14482,14465
2127,14464,14480,14482,14465,14483
2191,11178,11157,11158,11166,11185
2224,15094,15078,15088,15079,15084
2265,10679,10709,10718,10678,10685
2281,42183,42227,42212,14988,42229
2315,22072,80875,22101,79718,22085
2359,14202,14209,14210,21867,77768
2372,21307,16016,16022,21294,21310
2374,21287,16022,16042,16041,16016
2376,21307,21295,21299,16022,21315
2378,16012,16118,16117,16011,16037
2394,10092,61071,61074,16192,16193
2455,11971,11997,12004,12011,11998
2456,12004,16713,11998,12003,12011
2469,81442,81443,81440,81453,81452
2490,17036,16959,16961,16955,16967
2499,16953,16936,16959,16944,16969
2502,15411,16897,63892,17056,16926
2504,16962,17061,17021,17032,17026
2505,38902,73831,23840,23860,11866
2530,7623,17249,14275,18032,14253
2534,62108,62107,62098,62097,62124
2537,61283,61316,61304,61303,58300
2539,24733,24745,24747,24760,24748
2565,20356,20388,20384,20375,20389
2573,16296,22287,22269,22299,22272
2574,16297,10495,61678,10356,51786
2600,63018,18884,18872,18566,17750
2601,63018,18871,18884,22594,17741
2604,21714,21694,21693,21726,21628
2605,54417,54415,54438,54418,54441
2606,21306,19214,19206,17849,20606
2621,19329,19266,16049,18010,19311
2622,60499,17324,60522,17312,17311
2627,18554,18555,18536,18532,18540
2628,18577,18555,16850,44358,44365
2643,17095,17096,17075,82061,17111
2645,18618,19280,17279,18118,19265
2660,21155,23099,23101,21192,23089
2689,49523,49525,49531,49524,49530
2698,61670,9525,9504,9514,9480
2710,50570,10286,50566,10332,10333
2713,18580,21441,21448,21457,21451
2716,10332,18634,18676,10333,18633
2717,63877,18640,18695,18631,18653
2733,22127,62521,18884,18871,40386
2748,19095,18992,18991,19043,19013
2767,13591,19150,19137,19151,19141
2768,13591,19150,19151,19137,19136
2776,17807,14226,19211,21369,17806
2788,19656,17542,19287,22610,19709
2800,8234,19349,19401,19333,19386
2804,61635,22261,62017,21353,16291
2807,16375,19466,16357,22426,16367
2808,16375,16357,16371,16367,19466
2830,36720,36761,36712,36814,36815
2837,54730,7194,19676,54736,54740
2838,54255,10330,10327,51743,51978
2839,22653,19265,19268,19714,19709
2848,20652,62467,19789,62457,18862
2851,22597,22605,22598,16283,22827
2856,19809,19852,19844,19846,19847
2857,19809,19852,19846,19847,19829
2879,63859,20117,20102,63852,63864
2881,63833,20056,63858,63864,20084
2910,16517,16487,20325,16510,20313
2919,22158,16292,16293,24776,16287
2920,16292,22158,16293,20396,16290
2921,16293,20375,20376,20396,20383
2922,16293,20396,20376,20378,24776
2923,22158,16293,24776,16292,20375
2924,16293,16292,24776,22158,16287
2925,20324,20422,20411,20417,20409
2947,20597,21672,21629,20598,20606
2954,62140,20615,20636,20614,62141
2956,22151,20661,15393,22159,20655
2957,80091,44924,75807,75814,20649
2981,19474,19477,62158,20843,19460
2982,62158,20840,19493,19501,19490
2983,62158,20843,20840,62163,62162
3026,20596,23981,21334,18265,24817
3027,21830,21833,21823,21834,21809
3029,11582,11581,11567,11566,11572
3043,21335,17153,24724,22840,21351
3044,21335,14282,14275,17825,41623
3045,15383,22756,22053,21349,41623
3046,17326,17308,21360,17322,17318
3047,16016,16029,16015,21292,21316
3048,16016,16015,16029,16040,16039
3052,24253,24262,20576,24260,24258
3053,22362,22368,22499,22502,22370
3056,41623,41630,16842,16551,80058
3057,17161,17144,17146,81575,18577
3090,19843,19847,19858,19829,19848
3095,18138,18139,18106,18084,18105
3107,21637,21696,21690,21697,21704
3114,7668,21733,21791,21734,7661
3122,22152,22160,22159,22151,25023
3141,22045,21978,21945,22044,19968
3142,62048,62034,22003,21999,62038
3144,21114,62116,22020,17829,17281
3145,20343,22036,22021,22020,22023
3146,11381,11395,19982,11390,77986
3147,10637,11390,10647,11381,10652
3149,61925,22052,22048,22040,10179
3156,22122,22125,22116,22136,22130
3161,23901,22127,23902,22136,22112
3206,24027,24043,24042,22471,24039
3207,22352,21507,24835,22471,22315
3218,9514,22556,22746,9519,9504
3219,22467,22566,22579,22582,22570
3226,81601,11546,22610,11810,22639
3234,22363,21456,22361,21019,21038
3235,21792,22298,21502,21508,21507
3253,21620,23671,20346,22846,45623
3254,10373,24724,53866,17802,24722
3255,22879,22180,12131,80126,80137
3256,21313,21306,79867,22866,22486
3257,23095,20998,22866,23094,22729
3258,22856,60425,60424,60428,22322
3267,17164,22075,22076,17148,18550
3272,19408,22999,22992,19411,20740
3277,14958,17773,14956,17774,17787
3279,4089,23025,23024,23031,23032
3302,22566,22574,63741,22582,20137
3303,23099,20663,21156,21155,45420
3330,23401,23440,23439,23423,23442
3331,23324,23363,23341,23364,23354
3359,12993,23648,13005,13000,13003
3367,23665,23689,23679,23680,23697
3375,22014,17846,22010,22034,44666
3435,6557,6549,6548,6556,6536
3453,20757,20725,24344,20748,20713
3463,24567,24566,24558,24564,24560
3477,45840,45842,45841,24564,45843
3483,22057,24589,18545,21506,22038
3493,80856,24778,22158,23189,23229
3496,24034,24035,24036,24041,24039
3497,78414,17906,13858,11038,24762
3510,24771,25181,25182,25165,23789
3515,21874,20596,22363,22359,21873
3518,81240,24813,24809,81241,45188
3591,25284,25286,25300,25812,25293
3594,31484,25318,25319,25320,25326
3596,62274,62283,25318,25320,62270
3600,67322,25345,67305,58979,25348
3604,64918,30364,25402,64915,25398
3621,25543,25535,25534,25528,25544
3625,27619,25547,25548,27621,27625
3626,28717,28332,28722,68000,28735
3640,65867,25678,25671,25648,65884
3650,31916,27599,28155,31945,26437
3651,66963,27341,31924,66954,66975
3654,68076,29743,68077,68085,68063
3655,68081,68085,29736,68070,68079
3669,64915,25367,25368,31565,64914
3702,65191,65189,27923,28758,65190
3705,26469,66413,66422,66419,25466
3713,61330,68933,26154,26144,61343
3723,67060,67067,27787,65447,65454
3724,66252,26198,26211,26209,5631
3733,28781,26246,26249,26250,26243
3745,33486,26318,26324,26331,26325
3768,30786,31979,30811,64583,27288
3837,27406,26890,27405,26895,26896
3872,27128,27134,27133,27148,27149
3874,27149,27148,27133,27134,27128
3877,27111,27139,27150,27132,27131
3880,26536,66909,5190,5196,5189
3895,70978,70975,70988,27279,70977
3924,27585,27533,25666,27512,27497
3929,27485,26530,25828,26775,25517
3932,68811,30707,59916,59917,31090
3933,30707,30697,49347,30625,30683
3934,30699,30642,27592,27586,27594
3936,68847,30984,31257,69145,31107
3938,27692,27618,27620,27619,27625
4046,68246,68518,68134,68253,67942
4047,26384,11819,25729,26403,26392
4050,28372,28361,28362,28371,28364
4072,28493,28516,28512,28502,28503
4075,28493,28515,28518,28516,28511
4096,67690,67669,67687,67681,67684
4097,67690,67681,67669,67684,67687
4105,27216,27218,27223,67486,28955
4119,64015,28654,28650,28508,66954
4120,64015,64011,28650,64014,64028
4122,69371,28234,28828,28836,28829
4137,25848,28935,25845,27922,27915
4138,66516,66530,66544,66541,27472
4139,30167,30172,28947,30175,1570
4173,29183,28130,28125,28123,29384
4213,25645,25664,25652,25634,25658
4227,29758,29764,29759,29756,29757
4240,67951,29646,29636,29637,29644
4241,67951,29646,29642,29636,29644
4292,27421,25510,29979,25493,27932
4308,27936,27937,25510,25512,25493
4316,70519,70536,70537,70531,30150
4317,64082,64090,64074,64092,64079
4322,26182,26194,26187,26183,67147
4330,30237,30226,30221,30219,30218
4331,30252,30241,30246,30253,30247
4340,40243,34428,34426,34429,34427
4343,66017,66016,30299,66002,30302
4365,44297,44305,44335,44267,44336
4370,68609,68605,32328,68670,68621
4391,73680,35245,73686,39772,30629
4402,30797,30796,30732,30814,30794
4407,30534,30532,63215,30919,30551
4411,36702,7631,7642,36604,36949
4431,30778,30982,31001,28261,28262
4432,53401,9096,53400,9095,9036
4433,9178,9095,9175,9096,9043
4442,42835,50511,72487,39372,73680
4444,67144,30701,30689,30731,30640
4449,30647,51776,51788,51773,51772
4459,30989,32056,10142,9101,31262
4462,30993,9096,9095,9101,9112
4463,31918,28266,31375,28267,28238
4464,31292,31282,31281,31234,31279
4465,44004,43994,43889,61505,43978
4466,30989,27603,39710,60604,69365
4486,31281,31398,31392,31282,31295
4507,30925,30939,30927,30946,30940
4508,30925,30940,30926,30946,30942
4521,31953,29721,29708,29716,29718
4537,34783,34780,64061,72224,34784
4538,26253,28760,46130,29951,28757
4540,37070,31775,71621,26015,37071
4544,30361,30362,30360,30379,30377
4550,30370,31881,31891,31848,31786
4565,27612,34897,27624,34896,31996
4567,32000,28245,28303,31993,31957
4570,31069,31103,30731,67144,30688
4575,32346,32397,32300,32416,39398
4585,74243,37478,74216,74275,74222
4587,12058,16294,37379,74426,37908
4611,40889,32338,32281,32413,32280
4612,40889,32281,32280,32413,32323
4616,38490,37048,73595,32360,32493
4621,37975,72865,37444,37449,37450
4624,38490,32474,32464,32300,38500
4629,38729,73323,73324,33635,38748
4638,72674,72881,37394,38355,73765
4639,74399,38185,72674,72669,72732
4640,74122,74160,74130,74131,36864
4646,32628,32632,32629,32631,32635
4647,32628,32629,32631,32632,32635
4652,36570,38193,37450,8659,36599
4660,74342,32684,32711,32726,32721
4662,70256,34301,33866,70157,74459
4689,38506,38486,32891,38480,38481
4690,38506,38486,71926,71924,32894
4692,32914,32911,32915,33084,38487
4713,71219,71220,65660,65643,71227
4714,71219,71220,71227,71225,33030
4725,35543,33449,35540,35544,33461
4728,33120,33122,33121,33136,33133
4729,33121,33120,33122,33123,33133
4730,65813,65824,65825,65848,29724
4732,33148,33149,33153,33154,33156
4734,70166,70165,33173,33172,70163
4740,36096,36109,36099,70349,36102
4745,33230,33229,33224,35877,66570
4746,33230,33224,33968,33228,33335
4748,34417,33288,70601,69582,70600
4782,33115,33454,33452,72834,72849
4803,73316,73317,73322,38744,73315
4806,37268,37265,37264,37269,37275
4817,33719,33718,33702,33713,33703
4821,32959,32963,32960,33702,32964
4822,32960,32959,32964,32963,33703
4834,35816,33797,33798,33793,33504
4840,8934,8956,33811,73145,8949
4841,34564,71477,71929,72828,34563
4852,81062,81060,81059,81061,81066
4854,35662,35658,35656,35652,35655
4861,33714,33710,32959,33718,34769
4883,71254,34083,71251,71252,34078
4898,39059,80084,31927,31936,80073
4910,34268,34260,34255,34269,34253
4917,72591,53219,73041,73034,72589
4918,71655,71651,71656,71652,70627
4922,33447,33454,33456,33118,34332
4924,70164,35320,34594,35326,35537
4927,35208,35207,34379,35206,35209
4953,35820,35815,35821,35811,35814
4994,37676,34818,34803,34800,34808
5002,70112,34858,34868,38843,38845
5008,34213,34221,34217,34215,33194
5025,36430,74598,36427,74593,74584
5100,35377,35398,35396,35389,35378
5104,70269,70271,34890,70263,70272
5112,35428,35466,35460,35467,35461
5113,35428,35460,35461,35466,35467
5153,38036,70471,70472,33400,70322
5198,34490,73185,32921,34765,34377
5204,34309,34310,34312,72860,72861
5220,36114,36150,36145,36146,36149
5221,36114,36147,36146,36148,36145
5231,33799,33795,33096,33800,33788
5265,36470,36471,36457,36451,36454
5266,36471,36470,36451,36457,36442
5267,36444,36445,36452,36458,36464
5268,36444,36445,36458,36452,36464
5269,36444,36445,36449,36443,36456
5270,36444,36449,36445,36452,36458
5287,36843,39314,39318,39325,39320
5288,26010,36593,36603,68928,26023
5289,36569,36594,10373,10339,10380
5294,39370,38741,39367,37665,37663
5308,73186,73187,73188,73189,37535
5309,73677,73654,73671,73673,73655
5310,73655,73670,73671,73664,73673
5323,39793,37567,37513,37539,37538
5324,39315,38493,40989,37435,39316
5330,52798,36896,36855,36856,36898
5336,51994,36950,54796,52007,36949
5338,35353,36940,35344,10293,72559
5346,37492,73020,37022,37491,37486
5350,37066,37065,37068,37074,37076
5373,74498,37212,37218,37213,74510
5377,33637,37264,37265,37258,37270
5378,26292,37275,32875,68518,37258
5379,26307,37275,67950,26291,37268
5384,73009,73006,52083,54257,37480
5385,54257,53625,37303,37485,54259
5396,39870,37378,39872,39871,37383
5403,37442,36572,36575,37433,37454
5404,37443,37446,37451,37442,37445
5405,37441,37433,37454,36572,36578
5406,37441,37433,37454,37445,37451
5407,37451,37472,73735,39079,73719
5410,12058,38511,16294,32059,33962
5413,73198,32459,73178,37560,73668
5416,39791,38188,39793,37537,37534
5417,38188,39793,37537,39791,37535
5418,39791,52564,37534,37537,50573
5420,73193,39793,37537,39794,73196
5421,39791,39793,73193,37534,73196
5429,72895,52026,74248,72937,37621
5432,7669,37635,7676,7654,7677
5438,32737,38421,32736,37678,37677
5439,72828,35349,35335,72861,72869
5441,72824,37693,37684,39301,72837
5442,72882,72824,72842,37709,74363
5454,73196,73185,73193,73192,73179
5461,38149,37833,37839,37830,7418
5467,37857,37877,37889,37883,37878
5468,41546,41577,41539,41529,41578
5469,37864,30578,30580,30597,30592
5471,39105,72844,8177,37262,33623
5472,39132,33577,74357,37909,37910
5473,74357,37910,37909,74364,39080
5476,39147,74909,74929,37915,72434
5484,37433,37454,37987,37442,37984
5486,73330,51971,52013,73320,33635
5489,34780,33701,73767,34774,34773
5497,38000,37997,38041,38053,38057
5498,38000,38041,38053,38057,38056
5501,7418,7407,7415,7423,38142
5502,7418,38143,7423,37824,38142
5505,72048,72054,38124,38146,38114
5506,72048,38105,38104,38138,38100
5507,42908,38122,38128,42872,38121
5508,42878,38122,38121,42848,42863
5510,42908,42909,42872,42871,38122
5513,53215,72702,72667,72573,72699
5516,7690,7691,7695,50551,54656
5517,32664,10380,8221,8215,74378
5520,37506,37513,37568,37523,37515
5521,50992,50964,7400,50973,38189
5523,38215,38111,7418,7423,7422
5524,38215,38111,37824,37826,38110
5525,38908,38907,38265,38266,38274
5545,31597,31595,31572,31586,31587
5546,39308,38196,37691,39274,37690
5547,9133,37677,36637,37665,38741
5558,38477,38813,39136,39114,72536
5560,10266,38493,10267,38505,38507
5565,73839,73836,73817,38560,38564
5566,73836,73837,38558,73844,38560
5567,73839,73869,73866,73870,73836
5588,73301,73302,72448,73337,73306
5590,39131,39146,39130,38732,39132
5593,38743,72419,33576,73353,73316
5616,74651,38511,39302,32160,38814
5626,32872,38969,32861,32860,38970
5628,74278,74264,74225,74281,74265
5629,32560,37458,37427,32465,38967
5630,53677,37299,39003,28424,28426
5631,28426,28424,28425,39003,28422
5632,39620,38993,37398,37418,37988
5633,74017,39015,39021,39048,39047
5634,74017,39037,39036,39021,39047
5638,8862,3765,48810,8859,8863
5652,38732,39131,72419,39150,39130
5673,72842,39322,72882,39298,38168
5674,39322,39298,72837,39297,72823
5677,39365,39370,73538,73537,39088
5681,38741,36728,60498,36712,36761
5682,38741,32065,60497,38431,36728
5692,67708,74877,31059,74863,31058
5711,10148,39604,39603,81759,81813
5713,73996,39630,74005,39626,70365
5719,53050,53709,74704,53098,53072
5720,53050,53098,39648,37363,39658
5721,53050,53709,74704,53072,53098
5723,52755,9733,39672,9734,7780
5725,42838,39736,75618,39746,75619
5726,42838,39712,39746,39736,39692
5737,54453,54449,54451,39776,54443
5740,37538,37568,37499,37517,37506
5750,37380,37385,37375,37377,37388
5757,42722,79722,42723,42701,39971
5763,53901,39962,39958,39963,37070
5764,53901,53911,39958,53904,37064
5765,53901,53911,39958,39967,39964
5766,53911,53901,39965,39964,39958
5768,80056,80815,39968,39970,39983
5770,41474,41472,41470,41473,80688
5771,32474,65194,65189,39993,32467
5778,27666,27664,27663,27667,27681
5781,27666,27667,27664,27663,27681
5782,27666,27681,27664,27667,27663
5787,43558,16651,43559,43554,16660
5804,57220,40243,40274,65356,40227
5828,32238,16110,42742,44828,80124
5836,64794,27031,64512,27642,28057
5843,55567,40538,76128,49039,64713
5844,80866,80814,80863,80813,80879
5847,33139,33123,40653,33138,33122
5893,45530,45482,45508,45515,45483
5900,40853,40819,40818,40824,40803
5911,40490,40491,45617,40480,40495
5912,40490,40506,40491,40480,40477
5914,80391,80369,80332,80372,80374
5962,40447,82010,20029,22549,82014
5967,32111,41507,41508,32112,41509
5977,22059,22039,22038,15451,15389
5978,22059,22038,22039,22060,22045
5979,42162,42174,42474,42175,42612
5981,42793,41651,41652,41431,79862
5990,34263,44608,75934,75927,23319
5994,53243,73404,73445,73407,73478
6003,41632,41619,41635,41620,41839
6004,44986,44971,44987,44934,44948
6005,44948,44986,44971,44949,17548
6007,41031,41845,41839,41047,41844
6008,44971,44948,44986,44936,44126
6009,41423,41877,41862,27468,41462
6017,31386,65327,80071,65340,43461
6040,60987,42088,60988,80091,42097
6044,17097,42138,42147,42135,42134
6053,42963,42921,42931,42922,42968
6056,42963,76536,79212,27936,79197
6057,42963,42196,27936,79197,42931
6091,9970,20044,42499,20024,9953
6093,41452,41453,41412,43210,79308
6106,39316,39315,40961,40198,54669
6135,17477,42752,42772,17495,17492
6169,76930,76928,43096,76920,45635
6171,44700,44699,44701,44702,44688
6172,44700,43069,44701,44688,44699
6179,22546,22549,43125,43134,43128
6181,72671,61270,80261,45491,61307
6184,80529,43165,80170,80512,80154
6185,35340,44702,81734,44669,35341
6186,35341,35340,35351,44078,44702
6187,44923,43212,44924,43769,44916
6189,44923,43180,44924,43769,43205
6198,81247,81252,81257,43645,43699
6204,18555,18536,43314,18535,18582
6280,49883,49868,31362,49867,31374
6290,79398,23947,79401,79404,23964
6293,20042,82027,44071,19327,82026
6303,44194,44211,44183,44187,44160
6304,44202,44203,45565,44209,44146
6305,44203,44202,44209,44151,44132
6306,44194,44211,44129,44124,44130
6307,44194,44129,44211,44178,44203
6308,44203,44202,44209,44151,44132
6309,44203,44202,44209,44151,44132
6356,81587,81594,81599,17730,81583
6363,72410,72382,74446,42260,80994
6364,72410,42268,51896,80994,46880
6367,20247,21792,40445,23241,24773
6371,80347,44678,80329,44667,44716
6375,17816,75287,20689,44698,22012
6376,44650,44651,44697,44696,44676
6378,9786,9778,9764,43807,21929
6379,14282,41044,21883,81594,21506
6400,80806,44937,80807,80787,43778
6404,77020,44968,44939,15395,44958
6426,45621,45113,45136,45114,45146
6434,81940,80899,45171,80896,80894
6443,81117,45228,45255,81105,45265
6459,80811,45349,45357,45354,80814
6467,80141,45412,45420,45465,22306
6488,44951,45552,44926,45565,45566
6489,45131,45552,45574,45116,45135
6490,14340,14348,14339,14343,14354
6533,46172,6023,45889,6013,6024
6542,1274,1275,1265,45940,1266
6550,753,758,747,46000,751
6558,46043,2091,2089,47282,4826
6565,6679,6677,46096,6683,47663
6581,46219,46220,46230,46234,46231
6596,4554,46295,4551,4555,46294
6603,48090,46329,1357,1356,48099
6604,60154,48099,28147,60153,48098
6608,2950,1411,2155,46387,1416
6617,46587,46408,2902,46403,46412
6625,47772,47778,46611,3763,3723
6626,2781,3745,47772,47381,2007
6627,47241,1095,48473,48466,48465
6643,1542,1543,1550,1549,1551
6644,1551,1550,1542,1543,47717
6645,1549,46591,46578,46582,1543
6646,1549,46591,46578,46583,46594
6649,4502,3746,48839,46457,2009
6650,56766,2002,2762,49152,2012
6651,1590,2009,2007,2014,2018
6652,5084,2781,46307,48808,46306
6655,46580,1524,46628,1543,46582
6656,3574,46639,6181,6180,28313
6657,46653,46637,46639,46638,46650
6667,2897,2898,46725,46730,3535
6670,753,759,46755,46752,46736
6675,2962,46770,46776,46772,46777
6679,6423,31796,46814,46806,6428
6683,46858,46857,46861,46851,46840
6694,48080,48079,68679,48087,48898
6695,48080,48079,48898,48087,48889
6703,46984,60281,60279,60314,46507
6704,46988,47127,1429,6375,47139
6710,48930,48565,48390,48562,48924
6738,45755,45756,45758,47370,45745
6740,48772,48928,48042,48773,48791
6749,27334,27308,27317,47300,47306
6772,49482,9812,9825,9836,9813
6775,48914,46567,48262,46568,48920
6793,739,46972,48227,5034,5035
6800,1454,47669,47688,47682,8113
6805,6932,6946,47770,6951,5666
6811,5616,5637,47765,47784,47785
6812,2019,47775,5623,5637,5616
6813,5616,47765,47784,5637,5623
6816,2183,46973,48575,460,46580
6817,3688,47797,46982,48787,48919
6818,48563,48571,48578,47799,48572
6821,47880,47867,47888,47872,47887
6827,47824,47876,47875,47872,47886
6828,47824,47875,47885,47884,47889
6831,47920,47899,47900,47893,47903
6833,49583,49633,39076,49582,32619
6835,813,47911,31128,1425,27574
6837,47898,47910,47911,47912,56632
6876,3988,3997,3996,4004,48157
6891,5524,48233,5509,5519,5521
6896,48245,48246,48256,48257,48250
6897,48246,48245,48256,48257,48250
6910,1534,447,454,48218,431
6913,48558,48387,48379,48408,48391
6914,48558,48387,340,48391,48379
6933,46983,48573,48557,48561,48562
6934,48390,48562,48557,48561,48569
6975,3381,48713,390,391,71615
6989,46922,48891,48080,46928,48087
6994,2558,46189,46532,45808,46198
6995,3239,6975,46584,47632,46571
7002,2360,2357,2356,2361,2359
7010,50036,49064,50035,49066,49065
7013,46309,49080,46319,46327,46318
7026,45986,49157,45985,49163,59288
7027,5756,49162,49172,49157,5753
7028,59288,49172,49215,49157,46753
7040,6703,55200,47506,66918,47511
7043,47285,49262,45755,45749,45743
7046,8127,8129,8130,8121,8120
7057,50025,49409,49405,50019,49385
7058,50025,49851,47038,760,50019
7067,47479,3652,47352,3614,67268
7073,67748,49520,49536,55516,49521
7093,54306,54295,9243,54297,54302
7094,50690,49651,50691,49711,49741
7100,59607,49767,62083,67179,62090
7113,73507,73510,73508,37467,73526
7118,16870,49904,49779,49906,61986
7120,60645,62802,62827,18031,49897
7128,49857,50859,62883,54101,10515
7155,60482,60452,60461,62190,60453
7156,50113,46909,49205,16900,7447
7159,49802,54101,50221,7866,7869
7161,50162,50146,50180,50158,50226
7162,49911,49887,46972,43965,48230
7174,7716,7719,7718,7715,7717
7176,51517,51677,50659,50963,51669
7180,63683,52045,52044,38588,70081
7185,39633,39639,34032,39632,39642
7189,50441,50429,50423,50424,50428
7190,50441,50429,50423,50428,50424
7192,50341,50395,50382,50397,50385
7196,53899,53879,53895,53878,41568
7204,9660,50539,50534,50533,53525
7207,50562,50547,7695,50548,54659
7208,50562,7688,7689,50541,50559
7210,50554,50553,50542,50548,50541
7212,41344,50561,41405,50564,41346
7216,50515,18669,18692,51785,18689
7232,54774,72820,22765,10320,72819
7234,50807,50785,10351,10375,50784
7240,10368,10367,10353,10352,10338
7245,50853,50835,50834,50851,50832
7246,50853,50835,50834,50830,50817
7249,7404,50309,50993,50992,37834
7250,50993,7404,50992,50853,50835
7251,54426,52577,54427,54414,54424
7256,50852,50856,50857,2984,49153
7266,53207,53203,53208,53213,53274
7272,51067,51030,51104,51137,51040
7276,9609,53413,9613,9612,52108
7278,51183,49808,49823,49778,49810
7280,46927,10600,52845,138,57813
7298,51477,51227,51226,51232,51146
7308,51760,37654,51749,50774,52099
7326,8073,8072,8071,38990,74258
7333,54756,18568,54770,51563,52491
7334,52100,10375,52011,51961,52093
7350,7866,51632,7868,10526,7859
7352,52483,52491,51636,51637,52477
7353,54511,54510,54503,51641,51650
7354,51641,51651,50619,54510,54508
7355,51641,51651,51650,9807,9806
7356,51641,51651,51650,51648,9810
7357,8974,8985,8960,8976,8970
7358,5243,5244,2247,1948,49153
7359,8975,8985,8981,8968,8976
7361,8967,8966,51678,8975,8981
7368,50789,50795,51892,51742,50772
7369,51876,50783,50788,51995,50799
7370,51876,51758,50783,50795,70166
7385,59695,79249,74438,51896,76244
7395,51983,50772,50795,50794,50789
7396,51984,51981,51982,51999,51983
7412,51999,51998,52090,52099,52105
7416,9121,9122,52151,52145,52144
7448,7321,7329,7712,32655,51536
7449,53429,53442,53430,50352,52309
7450,51013,9957,9917,9919,9852
7459,7826,9872,9919,50586,50583
7460,22790,22768,52595,52586,22757
7461,22790,51552,22797,51520,51524
7464,53310,74229,43900,10199,32789
7465,74272,52598,43901,43900,52597
7468,51109,51331,51327,51326,51322
7469,51109,51331,51322,51327,51326
7470,51276,51327,51359,51270,51300
7471,51359,51277,51276,51358,51300
7473,10190,10156,10151,10196,51083
7474,10136,10141,10151,10164,10135
7476,10096,10089,10091,52572,10095
7482,23869,23866,23876,23875,23879
7497,63394,62102,62101,60292,60277
7498,54221,54216,52717,54240,54205
7500,54205,54233,52723,54232,54221
7518,36900,52788,9868,39070,52783
7521,53607,8863,9582,38891,53614
7528,53960,53953,53973,53955,10319
7547,8356,8355,8354,8359,8377
7558,51899,53155,53163,51883,72573
7566,53269,53268,54560,53274,53250
7571,53222,53221,53268,73763,53208
7579,73821,51817,51861,51531,51867
7594,7741,7734,7760,53437,7752
7609,51869,51906,52320,51879,51874
7611,54249,53555,54529,54555,54561
7633,8050,8063,8049,53706,53824
7649,53847,53831,53842,53832,53821
7650,73006,53218,53274,53206,54663
7664,54409,53949,53990,53961,53984
7665,9903,10372,52493,52589,53976
7674,74457,73747,69321,82151,82148
7680,9637,54080,54081,54071,54062
7693,53608,8863,53620,53614,53607
7698,52025,54194,54197,54240,54235
7701,54308,54347,54314,54302,54331
7702,37210,53208,54368,54253,37206
7703,53203,53219,38499,53208,54794
7706,53631,54280,52089,52099,52105
7710,74781,54312,54319,54302,54293
7731,53406,7607,54476,7595,7606
7732,9044,7607,37539,7594,7621
7741,53235,53208,54541,54539,54569
7760,51870,54667,54660,51869,54652
7761,51870,50782,50772,51903,54659
7762,51870,50772,50794,50783,50782
7775,54679,54733,54731,54742,54732
7776,54679,54753,52022,54733,54730
7777,60954,60941,54771,32058,60940
7778,9049,9112,54764,9047,9032
7779,52570,52574,10091,10089,52562
7789,8575,54847,50454,50476,54852
7797,55073,55056,55074,54916,7206
7798,47309,4737,48024,46003,47301
7834,11729,55168,55160,1866,55159
7845,55798,55243,10925,55824,55240
7846,55798,55820,55240,55821,55243
7854,28041,55311,11955,28045,28037
7855,56463,56474,56476,56478,55119
7862,59513,55343,55342,55363,55362
7884,11207,16759,11199,16748,16733
7892,43024,43013,43025,43031,43011
7899,57664,55590,57613,57614,57641
7906,58295,55699,55703,58296,56644
7939,55966,55968,55969,59749,55967
7940,55969,55966,56303,55968,59749
7941,55966,55929,55930,55274,59830
7942,55930,56343,56345,55274,59837
7955,56183,56185,56182,56023,56181
7956,56182,56185,56184,56015,56187
7980,56691,58117,58960,57875,56191
7981,56639,58377,58386,57012,57874
7982,57802,57800,56261,57801,56220
7993,13452,58405,60452,58404,58397
8008,58024,58016,56398,56399,56391
8012,55170,56439,56450,56435,55052
8013,57405,58832,60143,60147,58911
8019,55117,56469,55118,56470,56466
8058,47671,2769,56791,56736,2768
8065,51648,56757,17110,56765,56768
8067,60782,56803,60781,56799,56800
8088,57576,57567,56433,58457,57575
8092,56639,58010,57024,56633,57443
8093,56639,58010,57462,49767,56633
8101,58175,11140,67767,67777,67766
8122,59702,57456,59703,57842,57431
8127,60384,60361,60382,60411,57320
8129,60370,60374,57351,60362,57337
8131,60374,57333,60402,60370,60407
8139,56639,58010,59599,55172,57875
8146,59543,58499,59541,60527,59550
8147,58009,58004,58001,58008,57496
8148,55071,55061,55070,56633,55060
8160,60136,56114,60138,59565,11326
8205,49821,49786,57742,57744,57627
8232,56186,58457,59599,58492,56432
8233,56432,56186,58457,59599,58056
8241,61370,58094,58093,58088,58091
8247,57402,56191,12851,57395,58114
8248,57390,57391,46598,59907,12824
8258,56299,58670,58677,12450,59017
8275,11160,58320,58359,58335,58336
8276,11160,58335,58338,58336,58357
8277,11160,58335,58336,58357,58359
8278,11160,58320,58335,58336,58319
8279,11160,58335,58359,58338,58357
8280,11160,58335,58338,58359,58336
8332,57861,58204,58718,60078,58729
8333,56794,56770,58734,56734,59018
8334,60076,60075,58728,60079,58714
8335,60079,60075,60076,58714,60074
8341,60129,60125,58735,58427,58780
8342,56622,60801,64558,56623,60764
8343,59747,19221,19208,60764,56623
8358,77744,77754,77737,77730,77734
8385,57432,57465,57434,57466,57438
8395,57467,57440,57444,11124,57443
8396,57462,57440,57467,57444,56639
8415,57844,10666,57509,57846,59702
8418,59828,54967,59831,59829,59269
8422,61061,61063,61062,61067,61064
8423,61061,58547,56319,61062,61065
8424,61061,61063,61062,61067,50662
8425,61065,61061,59258,58547,58543
8428,59539,59540,59541,59527,59528
8429,59712,59352,59343,59342,56827
8430,46873,46876,46866,46868,46875
8442,59686,59427,59428,59690,59689
8464,57438,57439,57434,57102,57454
8465,59223,60343,60336,60274,60581
8468,1183,59592,76782,59595,1779
8469,1183,59595,59592,59596,1177
8470,26185,26179,59605,26192,26191
8472,58437,55965,55995,56289,59814
8473,58437,55965,75202,29909,78372
8478,59910,59915,59912,59647,59648
8492,62078,62057,1966,60856,68164
8493,59136,56944,56947,59721,59733
8532,56328,56345,56327,58116,58121
8538,59815,59607,59988,60597,55698
8539,55146,59977,55156,55155,59975
8543,60216,60217,60209,60212,60211
8544,60209,60011,60016,60217,60212
8553,58723,58715,58728,58721,58716
8554,58722,60083,60073,60072,60075
8566,59549,59543,59555,59540,11326
8567,62113,60782,62096,62114,59549
8571,16717,59730,60186,11982,59824
8580,60019,60018,60014,60015,60209
8581,60019,60014,60018,60209,60211
8588,60319,60318,60329,60275,60328
8589,60342,60319,60334,60329,60333
8595,45987,154,176,46003,55168
8604,57354,57355,57327,57366,57332
8605,57365,57366,57332,57327,57323
8624,21288,68829,9882,59226,62796
8630,63044,60570,60550,60569,22480
8634,55097,55096,60599,60608,60600
8635,55097,55096,60599,60598,55101
8636,49354,60608,60603,49367,60592
8638,16979,16930,16971,17001,16978
8639,31903,31941,63378,31922,63276
8642,9170,60662,60720,9172,60695
8645,49807,49747,17626,49773,60642
8647,16957,60695,60662,31250,69137
8651,49864,69137,60662,31252,31224
8654,56595,60729,60732,60733,56596
8656,62355,72184,59511,62369,72177
8658,55239,55246,60745,55247,60750
8661,56803,56802,56799,55742,56800
8672,22069,60982,63222,6581,22095
8673,17059,63221,63222,18543,60894
8674,52011,37036,52012,53630,54782
8675,60889,60894,60899,52012,60986
8677,9646,60925,51048,60916,60909
8681,30837,54082,61120,7867,9096
8682,61120,60930,30831,61105,31005
8687,16288,16286,19685,7332,16281
8702,57340,61095,61091,61090,61096
8720,16981,16980,16949,16931,49890
8726,61336,61333,61330,61353,61294
8730,61311,61295,61294,61354,61359
8731,61294,61336,61354,61311,61295
8737,19238,62097,19237,11781,11789
8772,44588,44582,81489,24912,61672
8788,61724,61733,61723,61732,9484
8789,61733,61732,61751,61723,61722
8796,50007,49870,30992,31008,49885
8797,50024,28282,50016,50026,30843
8807,62888,62906,62897,62900,62884
8818,60425,61635,22261,11430,11444
8826,59362,63067,59370,62096,59735
8827,17270,60597,55698,61304,59362
8837,20849,20840,20837,62162,20843
8838,61705,61699,61696,17159,61698
8839,20843,62166,20848,62158,20847
8840,20848,20843,20847,62158,62164
8856,62325,62324,62320,62307,62308
8874,60983,36638,60982,39304,72382
8876,62467,62457,62446,62434,20652
8881,16668,16656,50477,37341,16643
8882,62038,16656,16657,16664,16646
8888,80101,63214,80094,80095,62521
8906,21285,21284,60704,9768,18620
8910,45140,18143,62714,18123,62717
8912,54986,54970,54983,54966,55025
8913,17121,17127,49702,17122,21084
8936,18302,18260,18297,18303,18321
8937,18297,18303,18259,18260,18320
8940,62807,62825,62822,62808,62898
8953,61252,42841,42834,18144,20360
8988,17042,17052,58881,60644,17038
8991,63193,22601,63198,40385,25085
8992,63287,63286,63288,63289,63294
8993,60973,60974,40363,81240,81241
8998,58962,63318,63341,63331,63329
8999,58962,63318,63346,63334,63329
9032,24646,63582,63622,63583,24645
9044,50255,12480,1983,62614,56157
9045,61954,61903,63712,63709,61965
9058,20086,20117,63862,20110,63861
9059,20108,20061,20081,63832,20086
9060,20108,63833,20056,20061,20084
9063,20117,63853,63835,20092,63861
9064,17029,17019,17028,17015,17027
9066,17052,63981,19281,20653,63893
9070,17550,17549,17582,17572,17556
9076,16781,63944,63939,63938,63942
9077,16882,20014,20022,20032,16902
9083,63889,49903,49901,63981,49897
9093,27658,27651,28062,28068,28080
9128,69179,69171,69160,69173,69180
9130,28575,28576,28570,28567,28560
9138,28746,64370,25918,25920,26038
9156,65943,64493,65951,64506,65944
9157,65943,64493,64494,65951,64510
9191,65044,27737,27035,65038,65042
9199,33707,67054,32960,36436,32963
9205,67895,64534,67913,26472,64819
9212,65733,80122,64852,80108,20911
9214,54982,55011,43455,54973,7043
9265,26064,65194,77444,26061,26056
9297,79653,79636,79643,79648,79651
9303,66699,27652,65437,25836,47780
9308,28776,29923,31585,28782,28775
9309,65165,65181,65171,65160,65154
9314,65185,65531,65530,65519,65523
9363,30164,65884,65867,30165,30169
9370,31377,27538,25791,65261,66633
9377,31229,31255,31237,31273,31260
9389,65970,25879,65271,65266,25903
9390,27798,27797,27807,30310,27804
9391,26056,26057,26059,26062,26064
9394,79487,79492,64666,64655,64644
9395,79487,66061,79492,66033,66054
9403,29155,29172,29167,29170,29152
9404,29170,65451,29171,29152,29155
9433,66275,66323,66313,66312,66292
9438,33302,33297,33305,33304,33300
9451,66479,66437,66438,66447,66448
9452,66479,66447,66438,66437,66448
9461,66472,66531,66519,66526,66489
9464,25675,66553,66560,66552,66546
9467,68170,77586,77592,77590,25743
9473,67074,66698,66620,66700,66706
9494,30364,30371,30372,31014,31023
9499,28511,28526,26521,28502,66807
9525,66669,66646,67045,66653,66668
9527,35041,71278,71269,71277,35042
9528,33687,67062,33681,33692,33686
9557,67204,67157,67268,67212,29368
9559,68948,67229,67263,67253,68949
9581,35529,69557,69541,69537,69529
9582,27405,27407,67413,67416,67418
9601,37936,67567,67555,37924,67560
9612,30199,65754,25527,67667,67656
9621,31036,67714,67723,31055,31051
9622,31036,67723,67714,67705,31051
9629,41833,43888,42475,41814,41808
9635,66524,66472,66525,67857,66535
9652,25817,25828,25816,59072,25826
9658,28717,67990,28722,28718,68001
9701,68305,65269,65267,25562,65270
9704,33506,30090,36478,29979,33501
9705,29726,29710,29718,25999,47672
9716,31130,31079,26068,61558,61563
9717,67235,67229,68381,67218,67253
9736,28984,68525,28989,68511,28985
9767,65368,27576,65369,26224,65361
9768,17833,17844,61623,61612,61594
9769,27572,68774,26223,27571,26224
9779,57897,68866,68862,57898,57899
9785,68923,68912,68921,68902,68903
9791,60550,31769,31768,47072,60549
9804,38975,69001,38992,74057,69014
9819,68677,68688,28837,28568,16296
9820,31406,31401,31127,31399,68847
9821,30865,30864,31060,31045,30859
9828,60182,69160,60174,69171,60185
9829,72616,30620,40201,62086,80372
9837,28771,69308,65750,28778,28773
9851,69382,69374,69384,69381,31982
9861,32992,69452,69444,53285,69451
9862,70137,32992,69452,53335,69451
9883,69491,69588,69599,69584,69572
9948,71715,70012,70040,70007,70067
9954,49239,70086,70087,70070,70085
9956,38586,70015,70005,70012,70033
9968,33115,33119,35543,72861,72849
9974,37239,70203,37240,70206,70210
10001,70407,70417,70394,70406,70418
10013,39610,34834,35964,32993,34975
10030,34999,70863,72225,70848,33197
10042,74441,70667,74472,73747,72581
10045,53569,53548,53567,74926,72597
10046,53569,73740,70619,53560,72597
10054,71731,73342,33825,33824,73313
10058,72880,72887,72877,38174,72878
10074,64727,32964,70565,64729,33544
10075,70565,70566,33549,33544,33547
10095,34054,34058,34057,71002,34067
10096,34058,34057,34065,34067,34054
10097,79241,79242,78297,79243,79244
10112,72458,71130,72452,71134,72460
10117,70566,70565,71156,70570,70562
10119,71234,71173,71248,71243,71238
10125,70917,70927,70924,70923,70918
10153,37622,37614,37613,74630,39424
10170,40978,33251,36099,33254,33262
10178,54235,54195,71552,54241,54194
10184,71267,71269,71278,71271,71270
10193,33787,71686,33329,74249,74259
10198,33787,71686,37973,37986,37974
10199,71133,71129,71131,71128,71132
10202,70019,70067,70074,70105,70012
10203,70013,70019,70086,70008,70012
10204,70067,70019,70032,70074,70012
10207,72021,71209,35811,35822,35820
10208,71207,73319,73318,73540,37442
10247,71749,35630,71204,71734,71210
10248,34810,71748,35967,30367,35033
10269,30530,72169,72156,72158,72163
10274,70858,72234,70865,70864,70855
10309,52492,72531,72532,74934,72684
10310,74223,72572,74003,72570,72579
10311,54489,72555,10373,10358,36939
10312,22800,22757,39867,72655,8417
10313,72655,72684,37371,22757,39867
10314,37574,32555,32547,32557,37573
10315,74512,74500,70610,74511,72634
10316,51523,54691,9333,51522,82045
10317,32547,37623,52447,39620,39624
10319,73036,73043,74487,72610,74497
10321,54527,70610,70609,73772,74926
10322,72732,72658,72644,72698,72675
10323,69291,72732,72644,65924,65925
10326,53548,53534,53753,53540,53541
10327,52492,22765,52498,52497,52493
10336,51112,36789,39508,36766,36799
10354,52941,72913,52956,72937,52980
10360,36604,39240,73618,36599,36941
10361,73196,73191,36941,73195,10273
10364,38219,38218,72999,39240,38572
10365,54472,72619,72581,72591,72625
10366,10320,54369,52006,54472,53209
10367,72595,73699,73033,51795,51783
10368,51795,51783,51798,51770,73021
10369,53734,38987,53739,53742,53741
10370,74276,73041,54786,9964,32149
10382,51582,33387,51575,73150,51583
10386,37791,7630,72553,7631,7652
10405,32052,32055,37928,73009,38993
10410,7508,7513,7521,7520,7507
10425,73594,73593,73587,73744,38344
10427,73725,37427,37796,74483,38978
10433,73590,73569,73545,73551,73544
10434,73590,73569,73545,73544,73551
10437,38179,73596,73583,73737,73600
10439,38511,32059,73738,74651,39302
10443,54082,39318,38188,32061,54087
10444,36704,73657,36839,36702,54082
10445,37545,36839,37297,72987,39045
10446,72999,37426,38334,32554,39372
10447,32554,38359,38371,37426,37427
10452,42052,72671,37437,42066,80284
10455,37200,73758,53251,53227,73747
10457,37299,36649,37398,39314,73733
10458,72848,73739,73750,72846,72838
10464,41812,41840,80777,80770,80781
10470,37082,37084,37083,37090,37081
10474,38757,38755,74588,73770,72772
10475,72779,73911,73932,38327,39534
10487,37195,70365,36940,38216,73996
10488,32096,70365,37531,37503,37500
10489,9399,54351,37503,37539,37568
10512,73213,73486,74206,73217,73214
10524,43930,43901,43931,74230,43952
10525,73037,74245,74253,74231,74230
10533,32690,74345,74329,74328,74347
10534,32690,74329,74322,74351,74352
10535,71603,71598,71604,74322,71599
10537,32690,74351,74329,74345,74322
10545,40322,74387,40265,40321,74391
10550,72824,74451,74402,74419,39301
10551,38344,70615,53687,32149,70668
10552,31936,31942,31908,31937,31906
10553,37297,73668,74467,82148,36642
10554,39296,53674,39295,39284,39308
10555,53674,39296,53671,39295,53689
10558,70615,74495,73747,73750,74497
10562,59393,1383,4335,1380,59384
10602,35768,74781,71391,74853,35902
10609,73561,74875,73563,73560,74271
10615,72497,72548,72512,74909,74912
10617,70629,53324,53313,53289,53323
10621,44182,44194,75714,43714,74976
10658,77675,77690,77692,77691,75238
10663,75631,79333,80155,45128,45120
10664,45068,39722,80758,45013,45014
10665,45068,75308,45037,45066,39722
10712,75322,75329,75330,75358,75620
10714,75293,75315,75627,75294,75306
10719,76516,76576,76573,76531,76540
10783,14567,76117,14555,14557,14568
10784,14567,14568,14570,14555,14571
10829,76506,76437,76507,76502,75987
10830,76557,76447,76483,76479,76484
10840,76501,76539,76497,76525,76551
10864,75999,77154,76669,76653,76682
10865,77154,77152,77171,76653,76667
10869,79332,79327,79318,79335,79334
10888,79026,76840,76834,78760,76844
10890,77502,77493,77500,77488,77499
10892,78924,76870,79551,78944,79550
10925,79007,77081,79006,79008,79005
10963,79015,79016,79012,79017,77362
10964,77555,79319,15235,79331,77542
10991,78174,78161,79583,78160,78156
10995,77700,77702,76888,77682,77689
11024,78490,78491,78489,78481,78260
11030,25210,29775,66181,25223,10955
11032,79846,77201,32413,79728,79711
11058,78008,78000,78005,78016,78009
11060,13676,23090,78011,21170,22883
11061,13676,78011,13650,78010,13643
11062,11392,11391,13676,13650,42838
11063,21170,13650,78011,11392,11387
11080,79593,79575,24730,79576,78170
11099,22949,22956,11936,44617,44619
11100,11915,11914,11935,11921,11920
11101,19492,71029,78312,10663,71054
11116,78084,78085,78082,78426,78439
11117,78081,78084,78077,78087,78083
11118,78084,78425,78085,78077,78426
11119,62840,78428,62842,62841,78439
11120,78084,78082,78085,78076,78087
11161,32377,32257,78711,78710,32284
11162,32377,78710,78709,78711,78712
11209,77261,77272,76835,77268,79121
11214,78755,79247,78765,10989,79248
11215,10989,15208,78755,15018,15017
11216,11822,11819,15491,11813,11830
11233,76500,76511,77261,77268,78977
11250,79251,79243,79249,45323,45336
11251,79249,79251,79246,79243,76233
11253,65946,77797,66692,77802,65945
11254,77797,66692,77802,77801,77793
11260,15358,44958,44962,77990,44950
11282,79640,79465,79464,79454,79461
11284,79451,79458,79454,79452,79608
11285,79458,79457,79454,79451,79453
11286,79456,79451,79452,79480,79458
11287,79456,79470,79471,79480,79468
11293,14120,14119,14112,14132,14129
11296,76878,79545,76879,76882,79904
11297,76879,79891,76878,79905,79904
11302,78157,21497,79595,12035,13065
11303,79451,79458,79454,79457,79465
11304,79451,79454,79458,79457,79452
11308,79618,79644,79646,79649,79645
11311,79618,79644,79646,79645,79649
11328,78818,79753,16100,78812,16072
11334,79807,79806,79808,79801,79802
11343,79885,79884,43806,79871,43809
11344,79885,79871,79884,43806,13127
11387,41036,80149,22331,22328,80144
11392,81555,81545,81523,81497,75887
11416,23818,23804,23817,23792,23793
11418,42691,80391,44657,44661,44656
11419,42691,44661,44656,43192,44657
11472,42104,80773,80781,80767,43135
11478,80053,80084,80083,80031,80042
11490,10171,10191,10173,80960,10194
11514,31373,44186,28289,81097,31363
11536,81080,81594,81599,81610,45121
11538,43675,43643,81266,43673,81263
11552,30417,30437,30476,30416,81362
11553,80337,80355,80327,80358,80391
11559,77839,78154,78163,14127,81387
11561,81344,81359,81367,81343,81363
11578,5154,81567,81562,81566,81561
11587,18034,81597,81594,81603,18028
11603,39200,43211,39193,41447,40591
11624,81815,81878,81889,81901,81904
11625,81815,81904,81905,81889,81878
11627,42990,42971,42964,15171,42945
11640,41624,25023,22847,82009,20044
11642,44187,44176,44184,44280,44188
11643,37388,37389,82041,37377,38186
11658,74464,73766,82151,36844,37566
