0.08279213,0.10942486,0.11007414,0.11568119,0.11728911
0.14350016,0.14949018,0.15046045,0.15292762,0.15485512
0.16167299,0.16601872,0.17320102,0.17566490,0.17677881
0.05221713,0.05298437,0.08412126,0.08639637,0.09844278
0.10329410,0.12446994,0.13563153,0.14564143,0.14920707
0.12424862,0.13032517,0.13508822,0.13521108,0.13996230
0.15218741,0.16315065,0.16684057,0.16718298,0.17496808
0.12010226,0.12095209,0.14627822,0.14688613,0.15422992
0.14214393,0.17083974,0.18535778,0.18607713,0.19108139
0.17463371,0.17946985,0.18896388,0.22160557,0.22480330
0.19268899,0.19659676,0.20744276,0.20811546,0.21145381
0.12895492,0.13214166,0.14482397,0.14894021,0.15256880
0.08860312,0.08935001,0.09516664,0.10046299,0.10379818
0.15115461,0.15972775,0.17158757,0.17287365,0.17443591
0.21763650,0.21799758,0.22102372,0.22435737,0.23267104
0.15197146,0.15347990,0.15382215,0.15489395,0.15586644
0.13573495,0.16259941,0.16341510,0.16433889,0.16638483
0.09730361,0.10518557,0.10650092,0.12012362,0.13519397
0.17431793,0.18248801,0.18284924,0.18745181,0.18794492
0.21784678,0.22129247,0.22338733,0.22515056,0.22965221
0.18357272,0.19223666,0.19410376,0.19646767,0.19734596
0.12146392,0.12606171,0.13188246,0.13196538,0.13244838
0.11143769,0.11458875,0.12717962,0.12905839,0.13029265
0.11990705,0.13020022,0.13720910,0.15217923,0.15623021
0.18252838,0.18459837,0.18842454,0.19231100,0.19600967
0.12964392,0.13872810,0.13896485,0.14519653,0.14940879
0.11235943,0.11269297,0.12278152,0.12988722,0.13186532
0.10972821,0.12106968,0.12787914,0.12851839,0.12934126
0.12525657,0.13251062,0.13865215,0.14148091,0.14222459
0.14378704,0.15682124,0.15766957,0.15967588,0.16091464
0.14267482,0.15839304,0.16449454,0.16542567,0.17063539
0.15985124,0.16055985,0.16259678,0.16686571,0.16834398
0.13261402,0.14917651,0.15500213,0.16248213,0.16982834
0.15691122,0.16175686,0.16814743,0.17164797,0.17502166
0.16231532,0.17256002,0.17699565,0.18204539,0.18910488
0.21090908,0.21653001,0.22348252,0.22592008,0.22649175
0.17660533,0.18069114,0.18502066,0.18588072,0.18703565
0.19819526,0.21189681,0.21819185,0.21823661,0.21834950
0.16959238,0.17186920,0.17357779,0.17676915,0.17872295
0.15972137,0.16039820,0.16909674,0.17255852,0.17537637
0.11062589,0.13361228,0.14391243,0.16457462,0.16542193
0.15791442,0.17965822,0.18314511,0.18757176,0.19255434
0.07028062,0.07069275,0.07293011,0.07364401,0.07450040
0.15943605,0.17880270,0.18308398,0.18420725,0.18813942
0.15683082,0.16223331,0.17156045,0.17572883,0.18007699
0.12877870,0.15678325,0.15948550,0.16093901,0.16459572
0.16496567,0.17536481,0.18163636,0.18836115,0.19159029
0.15192086,0.16013613,0.16014017,0.16311063,0.16337746
0.15427528,0.17411928,0.17698151,0.18270887,0.18466672
0.15576547,0.16226307,0.17022084,0.17280771,0.17281562
0.12339179,0.14667456,0.15162264,0.15210618,0.15335079
0.13992694,0.14226647,0.14434616,0.14592816,0.14674905
0.21045329,0.21103200,0.21119052,0.21542788,0.21727751
0.24601746,0.24807452,0.25242928,0.25437561,0.25543800
0.16117440,0.16447675,0.16701089,0.16865832,0.17383365
0.11501886,0.11999848,0.14188495,0.15169427,0.15497711
0.18066992,0.19283326,0.19748387,0.19900915,0.19901246
0.15324497,0.16770999,0.17312768,0.17846428,0.18045792
0.13932547,0.16888693,0.16956237,0.18450302,0.18492869
0.16323790,0.19513205,0.19680801,0.19722997,0.19756635
0.17420106,0.17910384,0.17911759,0.18186940,0.18369719
0.16352591,0.18418559,0.18926975,0.19623005,0.20516595
0.21478270,0.21597178,0.22486714,0.23128980,0.23296925
0.04654869,0.05986984,0.06259753,0.06269611,0.07135594
0.04397826,0.05314096,0.05323324,0.05775549,0.06016248
0.10593221,0.10775816,0.10970309,0.11565705,0.11646464
0.17503646,0.18065545,0.18089595,0.18549398,0.18852228
0.05263966,0.13455269,0.14546293,0.14663257,0.14761496
-0.00000066,0.15204617,0.15787235,0.17295741,0.17367403
0.20204876,0.20803182,0.20898241,0.21084483,0.21123087
0.18050377,0.18437901,0.19420908,0.19432968,0.19514388
0.15716481,0.16571026,0.16752738,0.17298162,0.17504463
0.14639422,0.16200453,0.16666964,0.16882996,0.16951238
0.07683997,0.08199975,0.08267622,0.08798268,0.09111325
0.09774931,0.09780735,0.09933762,0.10336942,0.10586411
0.10462682,0.11307082,0.11393154,0.11426914,0.11452311
0.14414765,0.15278891,0.16114663,0.16325469,0.16949704
0.12469868,0.12764043,0.14897856,0.15475434,0.16322637
0.12955293,0.13238145,0.14659415,0.15525851,0.16164295
0.12281004,0.12938777,0.13418093,0.13915224,0.14315505
0.14074819,0.14957996,0.15040837,0.16996105,0.17250454
0.11730882,0.11806292,0.12484486,0.12577778,0.12615219
0.10505728,0.11319803,0.11791550,0.11807653,0.12497977
0.13128878,0.14670208,0.15483761,0.15755375,0.16173273
0.18077068,0.20721605,0.20825326,0.20860322,0.21101448
0.16202466,0.16593874,0.16852428,0.17796342,0.18422481
0.16504200,0.17483063,0.17578363,0.18291225,0.18334527
0.15924956,0.16128510,0.16427463,0.16941190,0.17743681
0.12371111,0.16423286,0.19454777,0.19454986,0.19964837
0.15674984,0.16308048,0.17709067,0.18670547,0.18761253
0.12513404,0.13799275,0.14026760,0.14096960,0.14841051
0.06726268,0.08339664,0.08450835,0.08907530,0.09040289
0.12473565,0.12956166,0.13157980,0.13869579,0.13889305
0.10920459,0.11967010,0.12551922,0.13360026,0.13423172
0.20494610,0.21210723,0.21806507,0.22150792,0.22412957
0.04363094,0.04728220,0.04751161,0.05297188,0.06301757
0.05038052,0.05210824,0.05255198,0.05403716,0.06894039
0.10308289,0.10325644,0.10807731,0.11251520,0.11663871
0.09662628,0.10810856,0.10999773,0.11513532,0.11945631
0.11240371,0.12214848,0.12252633,0.13913059,0.14615886
0.11009008,0.12436086,0.13737120,0.14016195,0.14582725
0.08517488,0.10163443,0.12330224,0.12470096,0.12872826
0.12520666,0.12718879,0.13506670,0.13830253,0.13937046
0.12122779,0.13443083,0.13681312,0.13848838,0.13909912
0.13186298,0.13733017,0.13982362,0.14346732,0.14672324
0.14326978,0.15745346,0.16397865,0.16625375,0.16787028
0.08913037,0.11691586,0.11870866,0.12234752,0.12476809
0.13563682,0.13625120,0.16009922,0.16656326,0.16738361
0.15033987,0.15075566,0.15128553,0.15748806,0.15764742
0.12220345,0.12795639,0.12989829,0.13607670,0.13670906
0.09884349,0.10741454,0.10958681,0.11040640,0.11136778
0.16885866,0.17518379,0.17935714,0.18277654,0.18516405
0.09645423,0.11702515,0.12693109,0.12859893,0.12983839
0.17180479,0.18559942,0.18984419,0.19091684,0.19166072
0.12882423,0.12882423,0.13912228,0.13935639,0.13953368
0.15704621,0.15978348,0.16101725,0.16107526,0.16474180
0.13224548,0.14456640,0.14678250,0.14979495,0.16477405
0.23740774,0.24161775,0.24238572,0.24684407,0.24812950
0.15548034,0.15997438,0.16709979,0.16940084,0.16975930
0.19342256,0.20151819,0.20172404,0.20280930,0.20592688
-0.00000061,0.06049251,0.09118899,0.09623228,0.10054404
0.18655451,0.19349942,0.19978450,0.20066150,0.20139910
0.14484511,0.14651945,0.14779443,0.15081392,0.15153620
0.02774682,0.06630608,0.09789724,0.10108268,0.10203885
0.00000006,0.07784106,0.08055209,0.08545680,0.10115705
0.17800629,0.18159585,0.18587631,0.18881039,0.20021376
0.13655767,0.13917816,0.14105013,0.14107969,0.14145932
0.19259939,0.19455104,0.19555303,0.19905651,0.20254567
0.21744788,0.22508243,0.22771038,0.22898018,0.23160206
0.19849691,0.20077339,0.21147259,0.21378739,0.21433464
0.22278267,0.22663546,0.22708981,0.22759631,0.23066692
0.21779501,0.22347546,0.23420568,0.23735848,0.23776636
0.22085477,0.22541472,0.22787648,0.22946109,0.23746394
0.16736312,0.16965841,0.17954917,0.18360122,0.19455749
0.19537012,0.19540630,0.19552480,0.19694275,0.20132695
0.20554700,0.21408062,0.21626474,0.23443504,0.23529784
0.17714208,0.19633707,0.22615033,0.23379719,0.23434088
0.08468810,0.09731534,0.10165549,0.10602516,0.10889813
0.09322849,0.10010264,0.10588938,0.10687137,0.10818952
0.10273069,0.10691736,0.10764307,0.10893131,0.11732043
0.20202956,0.20432316,0.21385729,0.21587826,0.21664011
0.15997632,0.17677566,0.17755866,0.18047833,0.18293998
0.14060234,0.16275206,0.16518147,0.16714986,0.16787191
0.17083749,0.17911267,0.18498865,0.18552938,0.18881153
0.17196806,0.17296703,0.18432936,0.18554346,0.18792495
0.20072544,0.21331441,0.21357572,0.21700987,0.21758088
0.22342388,0.23087008,0.23647623,0.24095303,0.24866153
0.23049508,0.23326893,0.23732629,0.23783624,0.23885085
0.21002296,0.22084336,0.22229105,0.22575070,0.22689953
0.18137728,0.19978708,0.20652758,0.22234996,0.22393008
0.02689894,0.04369444,0.04602100,0.04642931,0.05071504
-0.00000036,0.03310353,0.03332151,0.03342463,0.03447992
0.10944606,0.11437671,0.11890272,0.11913279,0.12374058
0.05425977,0.11908079,0.12705676,0.13480301,0.13803385
0.15331464,0.15339150,0.15360330,0.15781577,0.15938014
0.16128361,0.17706589,0.19713952,0.20143545,0.20466766
0.16608232,0.16719534,0.16904604,0.17165464,0.18038872
0.21791315,0.22864285,0.23584668,0.24286474,0.24379928
0.14001289,0.15458396,0.15803523,0.15814584,0.15862101
0.16863139,0.17348915,0.17688078,0.18302289,0.18348952
0.14278057,0.14410429,0.14549011,0.15352516,0.15589905
0.10806756,0.10806756,0.13678101,0.13678101,0.14406243
0.13888666,0.15690193,0.16119944,0.16131887,0.17390077
0.09311843,0.10871899,0.10872726,0.11107482,0.11508399
0.08853988,0.09034453,0.09337267,0.10408206,0.10739642
0.15891674,0.17464240,0.17877646,0.18098114,0.19085146
0.09893168,0.11203780,0.11318905,0.11584839,0.11680061
0.12151118,0.13215770,0.13567042,0.13742694,0.14336656
0.14018025,0.15113829,0.16135524,0.16178472,0.16235553
0.10898054,0.14272441,0.14530940,0.15016514,0.15097876
0.17336515,0.17539002,0.17736396,0.20091896,0.20379706
0.15004748,0.18064661,0.18147822,0.18197219,0.18698929
-0.00000045,0.07551311,0.12548843,0.13292034,0.16377482
0.16099533,0.16863650,0.17500590,0.18114550,0.18420224
0.10139456,0.12374885,0.12509426,0.12705608,0.12745672
0.15421255,0.15664932,0.15843232,0.16773576,0.17451939
0.16570826,0.18886457,0.19137456,0.19799280,0.20290886
0.25210512,0.25523639,0.25932011,0.25984156,0.26097992
0.16109574,0.18189836,0.18555577,0.18763575,0.18926901
0.17636245,0.18567078,0.19548608,0.19761568,0.20311986
0.14859450,0.15918104,0.16502416,0.16790059,0.16799270
0.11766648,0.13013646,0.13101451,0.13192596,0.13202575
0.18537833,0.18977284,0.19159529,0.19858949,0.20132291
0.21009892,0.21209347,0.21377872,0.21721354,0.21810007
0.15492806,0.16190021,0.16959812,0.16968164,0.17394316
0.09581284,0.09661860,0.10023269,0.10225663,0.10250975
0.14633335,0.19442868,0.19652562,0.20224072,0.20523919
0.21267156,0.25807703,0.25818506,0.26189983,0.26283175
0.18183467,0.18999371,0.19457620,0.19916074,0.20080714
0.16447918,0.17200822,0.19327271,0.20062448,0.20192498
0.00000107,0.04150007,0.04161376,0.04462424,0.04542488
0.17533892,0.17633337,0.17882268,0.18433158,0.19194467
0.14299726,0.14350277,0.15056229,0.15853693,0.16574749
0.17902359,0.18190686,0.18349066,0.18890950,0.19285873
0.10679814,0.10905100,0.13885924,0.14643496,0.14824747
0.13074042,0.16237101,0.17146768,0.17690264,0.17788249
0.16726650,0.17242554,0.18614072,0.18904564,0.19284281
0.02198499,0.04206963,0.04369289,0.04741477,0.04796176
0.04290014,0.05793864,0.06822173,0.07514741,0.07594239
-0.00000017,0.06207226,0.07336670,0.07473281,0.08540265
0.17319432,0.18245164,0.18545814,0.19139588,0.19141246
0.19149509,0.19321519,0.19374378,0.19667976,0.19689800
0.03377738,0.07133335,0.07171463,0.07404812,0.07805355
0.19127735,0.19902745,0.20100442,0.20107833,0.20623232
0.22716069,0.23952572,0.23978630,0.24144414,0.24242671
0.21131034,0.22583701,0.23401248,0.23523259,0.24075571
0.13678731,0.15480520,0.16200428,0.16325121,0.16878550
0.18585382,0.21834235,0.21967003,0.22330280,0.23071057
0.18947983,0.20725808,0.20768957,0.21034051,0.21370865
0.19069582,0.19996783,0.20114526,0.20384166,0.20390825
0.18643266,0.21172151,0.22768669,0.22771591,0.23075728
0.12543456,0.13055559,0.13300841,0.13497667,0.13506779
0.03810094,0.05453268,0.05846516,0.06187030,0.07212221
-0.00000012,0.04693318,0.06174001,0.06529710,0.07020558
0.03124730,0.04107675,0.04939188,0.04974011,0.05168071
0.04141516,0.04234057,0.04633880,0.04677613,0.04775598
0.16398934,0.17310429,0.17701153,0.17731115,0.17793393
0.13544059,0.15780225,0.16731036,0.17675482,0.17695302
0.14038329,0.14866519,0.17196414,0.17350945,0.17861415
0.15384305,0.15659320,0.16097453,0.17125379,0.17616343
0.15817681,0.17550144,0.18347107,0.18373711,0.18486318
0.16180694,0.16547182,0.17062411,0.17844228,0.18659726
0.16975994,0.17103954,0.17931356,0.18069410,0.19144039
0.07892738,0.08162606,0.08924701,0.09052722,0.09361929
0.17319490,0.17615190,0.17741594,0.18150362,0.18301040
0.08969957,0.09466751,0.09755745,0.09865625,0.09929504
0.15201001,0.15373142,0.15820147,0.16003193,0.16004968
0.18909286,0.19168207,0.19840673,0.20196138,0.20464131
0.13742968,0.14609849,0.15177959,0.15605712,0.15661205
0.11417866,0.13715573,0.13880306,0.14920118,0.15537187
0.10184107,0.11015170,0.12267946,0.12898558,0.13502273
0.20256034,0.22024573,0.22222365,0.22432642,0.22528896
0.13956162,0.14709847,0.15425491,0.15728484,0.16573566
-0.00000026,0.03249571,0.05170152,0.05334318,0.07763247
0.12051641,0.19922312,0.22704618,0.23018755,0.23096791
0.18538110,0.18889707,0.19063357,0.20230572,0.20237902
0.18657061,0.19303307,0.20328268,0.20331384,0.20388503
0.11085223,0.11801022,0.12310081,0.12536424,0.12735927
0.09091397,0.12842767,0.13396391,0.13674651,0.14032066
0.10275802,0.10397671,0.13461076,0.15559171,0.15905546
0.13102840,0.17892765,0.18093546,0.18445075,0.18474711
0.15858684,0.19022408,0.19215021,0.19238034,0.19430743
0.16712514,0.16871631,0.18232051,0.18592469,0.18602048
0.15556428,0.18627410,0.18803169,0.18887383,0.18947348
0.19473715,0.19962808,0.20224293,0.20224293,0.20422502
0.12286460,0.12353453,0.15844630,0.16799407,0.17053722
-0.00000036,0.07966810,0.08186265,0.09330640,0.09773239
0.07457980,0.07586364,0.07917786,0.07948303,0.08002735
0.15477647,0.15602584,0.16194642,0.16240828,0.16641763
0.15996291,0.17059875,0.17852458,0.17878275,0.17910334
0.09049109,0.10768921,0.11140352,0.11338772,0.11429015
0.17051165,0.17187223,0.17363122,0.17759392,0.17879646
0.14993569,0.15090653,0.15096715,0.15501703,0.15609771
0.16023093,0.16700266,0.17110905,0.17451923,0.17877474
0.16373794,0.17030965,0.17740920,0.18081442,0.18488036
0.13997351,0.14245072,0.16220935,0.16238351,0.16384149
0.12943995,0.15140849,0.16336468,0.16356480,0.16672195
0.16285299,0.18095188,0.18730798,0.19120899,0.19548081
0.18042740,0.18451083,0.18588236,0.18700817,0.19143181
0.21583985,0.22590458,0.22916412,0.22973970,0.22988695
0.17201266,0.17267264,0.17294648,0.17317146,0.17625441
0.12292878,0.12470204,0.14218587,0.14380601,0.15129657
0.17693675,0.18322484,0.18413885,0.18465045,0.19018984
0.19209921,0.19241799,0.20273353,0.21751197,0.21844310
0.18984263,0.21562201,0.21612518,0.21612656,0.21739829
0.16780667,0.17270589,0.18237892,0.18888821,0.18911031
0.21269082,0.21308985,0.22437371,0.22912130,0.23189193
0.03518841,0.06881733,0.09900177,0.13939878,0.14433667
0.18670556,0.18766825,0.20762992,0.20884147,0.21168640
0.18010004,0.18262288,0.19366819,0.19571567,0.20266107
0.00000029,0.20344712,0.20620622,0.21633658,0.22570343
0.16416022,0.18136862,0.18243149,0.18326895,0.18670151
0.16116109,0.16148618,0.16518313,0.17920342,0.17998429
0.21115650,0.21650024,0.21972829,0.22226214,0.22663584
0.16401628,0.17233431,0.18649209,0.18664715,0.19512017
0.19133279,0.19597770,0.19600040,0.19835922,0.20263043
0.15501031,0.17511690,0.17902379,0.18031780,0.18056348
0.03142814,0.04886726,0.05329302,0.05887339,0.06026695
0.05921695,0.06104234,0.06395093,0.06480215,0.07366756
0.14744304,0.14744441,0.14904591,0.15443456,0.15590462
0.08016933,0.09988283,0.10503854,0.11701003,0.12668975
0.16543536,0.17176273,0.18346366,0.18655086,0.18950106
0.09560396,0.10150275,0.13580061,0.13804641,0.13868612
0.14968899,0.16118474,0.17093168,0.18643738,0.19176880
-0.00000035,0.05734885,0.07414958,0.08343406,0.08553170
0.19555610,0.19966899,0.20026304,0.20242332,0.20328818
0.12358567,0.12867235,0.13736381,0.14228484,0.15041140
0.18132108,0.20144846,0.20600921,0.20834768,0.20847014
0.18794218,0.21466570,0.21469629,0.21749389,0.21997127
0.17037132,0.17477962,0.17555802,0.18257362,0.18321353
0.08540562,0.13226020,0.14916876,0.15393327,0.19467196
0.23515382,0.23960781,0.24187577,0.24680313,0.24681492
0.12603706,0.13232873,0.13413094,0.13437314,0.13476001
0.11471447,0.14303279,0.14576139,0.15211129,0.15261188
0.15526827,0.16187192,0.16430067,0.16449681,0.16758387
0.14256479,0.14581285,0.16783854,0.16815566,0.16838661
0.14466023,0.14887384,0.15687767,0.15954503,0.16142118
0.15605401,0.18805869,0.19625394,0.20151922,0.20315948
0.10403480,0.11604466,0.12087505,0.12148564,0.12759632
0.14223504,0.14469427,0.14787090,0.15076950,0.15464452
0.13391902,0.15422633,0.15617971,0.15790656,0.16755082
0.18821941,0.19127643,0.19868971,0.20003027,0.20822676
0.20322800,0.21346796,0.22224881,0.23057453,0.23120862
0.15865433,0.15915529,0.17888585,0.17899008,0.18324707
0.21009046,0.21668309,0.21804196,0.22048457,0.22088845
0.20364240,0.20443320,0.20783563,0.21265130,0.21278571
0.18884222,0.19390674,0.20166408,0.20230074,0.21187432
0.12511569,0.14243828,0.14457618,0.14512499,0.14655744
0.19830948,0.21045890,0.21117991,0.21580425,0.21582663
0.18822512,0.19138002,0.19159722,0.19929409,0.20299627
0.18406662,0.18757398,0.18773876,0.18862839,0.18878716
0.19899455,0.20186941,0.20896025,0.21207339,0.21416916
0.10780746,0.12154876,0.12432624,0.12767945,0.13154033
0.13354601,0.14065713,0.15974028,0.17012693,0.18474498
0.22628993,0.22643489,0.22676212,0.23052794,0.23564009
0.10629082,0.10950581,0.11028349,0.11271528,0.11419599
0.00000026,0.07909080,0.09483324,0.10311772,0.11947598
0.00000038,0.08817644,0.09861309,0.11788319,0.11947598
0.14484487,0.15137865,0.15148467,0.15690631,0.15980579
0.18142067,0.18613186,0.19241573,0.19353090,0.19934836
0.08568132,0.09241700,0.09716265,0.09831001,0.09927049
0.14808834,0.14808834,0.15431863,0.15607539,0.15649594
0.20060275,0.20283902,0.20601746,0.21321984,0.21367982
0.20416231,0.20719030,0.20902622,0.20925707,0.21109433
0.17505234,0.20548622,0.20987481,0.21091647,0.21403787
0.17490925,0.18407811,0.18927662,0.18997885,0.19306596
0.14697874,0.17485620,0.17501600,0.17797950,0.18383068
0.04636846,0.06716164,0.08072977,0.08172351,0.08224223
0.17609170,0.18242985,0.18382487,0.19270922,0.19814625
0.20469819,0.20537423,0.20853351,0.21457256,0.21660353
0.03871580,0.05057451,0.05196337,0.05424977,0.05691858
0.11413942,0.11691263,0.12392924,0.13491230,0.14152695
-0.00000000,-0.00000000,0.09253848,0.10808933,0.11473303
0.06171212,0.07186115,0.07540914,0.07985666,0.08785474
0.04978576,0.06734796,0.06813604,0.07552604,0.07725691
0.18750411,0.18931793,0.18990314,0.19306508,0.19755681
0.16582935,0.17145595,0.17230654,0.17813371,0.18159656
0.15694906,0.16767268,0.17099041,0.17404701,0.17715681
0.16868982,0.18065158,0.18507038,0.18714131,0.18752514
0.17382166,0.18181117,0.18320103,0.18330020,0.18884113
0.20212007,0.20243469,0.20921683,0.20952754,0.21286133
0.20390108,0.21137789,0.21327056,0.21558352,0.21582313
0.05432697,0.15771423,0.16223884,0.16247384,0.16317004
0.18867449,0.19761992,0.20171966,0.20562299,0.20621872
0.07841860,0.10338672,0.10442726,0.11836171,0.12598611
0.12537728,0.12610546,0.13260509,0.13330950,0.14267860
0.14346780,0.14740516,0.16046897,0.17520753,0.17629324
0.22421302,0.23190996,0.23752406,0.24002878,0.24446528
0.15234306,0.16694553,0.16947480,0.18090519,0.18392470
0.11532214,0.12337649,0.12470607,0.12821221,0.13018540
0.11067156,0.11868053,0.12126787,0.12578638,0.12602022
0.18918607,0.19840769,0.20948054,0.21455701,0.21770580
0.11677262,0.14704029,0.16377005,0.18240568,0.18530841
0.00000033,0.06844082,0.10817736,0.11874640,0.12355837
0.17010920,0.17549025,0.17980634,0.18076430,0.19011348
0.07565758,0.08630241,0.08675093,0.08903337,0.09268647
0.13213491,0.14516251,0.14830165,0.14965263,0.14981668
0.17911422,0.19136424,0.22779198,0.22982578,0.23092249
0.23600969,0.24635606,0.25059813,0.25222462,0.25361931
0.15185910,0.16295633,0.17496577,0.17614935,0.18567653
0.17581546,0.18453799,0.19191429,0.19472046,0.20014256
0.17582108,0.19120958,0.19535942,0.20096970,0.20240533
0.15846814,0.18498777,0.18509324,0.18602622,0.18681146
0.10756052,0.12291103,0.13152310,0.13381535,0.14027403
0.13101287,0.13398698,0.13637553,0.13907814,0.14675181
0.16327840,0.18221414,0.19808444,0.19837940,0.20026626
0.11410224,0.13129646,0.14256680,0.14525515,0.14775270
0.18047321,0.18824616,0.18906502,0.19230615,0.19244896
0.20656283,0.21319041,0.21378100,0.21664912,0.21845476
0.12225787,0.13326812,0.13378748,0.13461940,0.14301521
0.14627153,0.16918519,0.17451705,0.18637019,0.18776868
0.15209024,0.16480063,0.17485040,0.17562911,0.18502170
0.16169916,0.16966227,0.18130632,0.18624473,0.18643884
0.19279622,0.21706192,0.22278367,0.22761987,0.23096752
0.13040905,0.13561735,0.14466366,0.14734112,0.14849448
0.09958610,0.10396586,0.10883311,0.11215866,0.11661974
0.08910882,0.09618182,0.09989350,0.11390325,0.11723436
0.18535469,0.18804163,0.19562156,0.19743289,0.19881678
0.21013243,0.22184506,0.24427266,0.24593359,0.24630362
0.21583787,0.23941906,0.24577379,0.25223705,0.25949976
0.17251730,0.19101027,0.19105771,0.19726072,0.19944151
-0.00000030,0.05135801,0.07991907,0.15780854,0.16067638
0.12769899,0.12979710,0.13346228,0.13367343,0.14081387
0.19793952,0.21583928,0.21763524,0.21847558,0.22315900
0.17705846,0.19620490,0.19898151,0.20069785,0.20773579
0.14698890,0.15370090,0.17730218,0.19035622,0.19057199
0.18167894,0.18531418,0.19750813,0.20058422,0.20137504
0.23278400,0.23580737,0.24403077,0.24663474,0.24789575
0.20368105,0.20440504,0.22638713,0.22729842,0.22989397
0.09181671,0.12547229,0.13442723,0.13492797,0.13626294
0.12926811,0.16840053,0.17128937,0.17195706,0.17386001
0.17069659,0.17464259,0.18009266,0.18601707,0.18630189
0.09707355,0.12921697,0.14877523,0.15394369,0.15817520
0.19499683,0.20232634,0.20425078,0.20440012,0.20597422
0.14371438,0.14498954,0.14957528,0.16534613,0.16688369
0.18501689,0.19133636,0.19297746,0.19920547,0.19994476
0.16630417,0.16964772,0.17329471,0.17756876,0.17756876
0.24603492,0.24604934,0.24685982,0.24713252,0.24867651
0.17056835,0.17724255,0.18585581,0.18886830,0.20356378
0.14873755,0.16053450,0.16903228,0.17759027,0.19795144
0.19120328,0.20252773,0.20729485,0.20963706,0.21111009
0.04653729,0.06034374,0.07066707,0.07234707,0.07251281
0.20784019,0.21502911,0.22457504,0.22466564,0.22653089
0.11491597,0.12148158,0.13964033,0.14502500,0.15556967
0.13260639,0.15177447,0.15997478,0.16795929,0.17093100
0.11211883,0.17380153,0.17545483,0.17858736,0.17966816
0.15424426,0.17433202,0.19071282,0.19259228,0.19356635
0.14838918,0.17178102,0.18722935,0.19563094,0.20252150
0.13799044,0.14112291,0.14562513,0.14851806,0.16161238
0.00000035,0.05078717,0.06335104,0.06522001,0.06592494
-0.00000014,0.06335104,0.06748016,0.07532565,0.08770581
0.16711949,0.17585127,0.17657633,0.17663094,0.17834853
-0.00000011,0.05457253,0.08740805,0.08758937,0.09260882
0.10414661,0.12570822,0.12685326,0.13896887,0.14052574
0.21618058,0.22328371,0.22699365,0.23244116,0.23360625
0.12490790,0.14806747,0.18447444,0.19540858,0.20019899
0.14686193,0.18052416,0.18275540,0.18928167,0.19204439
0.18834403,0.19971386,0.20172860,0.20269017,0.20965491
0.12648790,0.13031088,0.14397994,0.14556485,0.15030932
0.13012405,0.13695438,0.14972216,0.15171042,0.15177125
-0.00000053,0.07387383,0.09126730,0.10622761,0.10987234
0.09126601,0.10106152,0.11804315,0.11882065,0.11884526
0.11283776,0.12731278,0.13853994,0.14221218,0.14464968
0.09223217,0.09885281,0.10176969,0.10177076,0.10903709
0.12139669,0.13370226,0.13497543,0.13621496,0.14543144
0.15209150,0.15248577,0.15363197,0.15394509,0.15465468
0.18044370,0.18991792,0.19060394,0.19070421,0.19241521
0.12036328,0.13386410,0.14125426,0.15518133,0.16557650
0.18544601,0.20918855,0.20963551,0.21261197,0.21526852
0.14466387,0.15737380,0.15934195,0.17043886,0.17275761
0.13251650,0.13281909,0.13385636,0.13691784,0.13768950
0.20724046,0.22443736,0.22729298,0.24025624,0.24030654
0.05640053,0.05640053,0.07505424,0.07761245,0.08050364
0.18370725,0.18545611,0.18955274,0.19486916,0.19506036
0.17380682,0.18499091,0.19672860,0.21167055,0.21659066
0.15726401,0.15760222,0.16229188,0.16319074,0.17153986
0.16182242,0.17412010,0.17684659,0.18000922,0.18123193
0.16291894,0.16451864,0.16591476,0.16862436,0.18509018
0.07410792,0.08419818,0.10359234,0.10475587,0.10743400
0.12988149,0.13309968,0.13894317,0.13897523,0.14350766
0.23714019,0.24501368,0.24544917,0.24826330,0.24869648
0.19074614,0.19249788,0.19809562,0.20539872,0.20727010
0.14622217,0.14703345,0.15345468,0.15403318,0.15616229
0.07110918,0.09963600,0.11542452,0.13179311,0.13723475
0.13698980,0.13750875,0.15704533,0.15716468,0.15938410
0.05102567,0.08290881,0.08317646,0.09428696,0.09811503
0.05920548,0.07486846,0.07932990,0.07955548,0.09366399
0.22133848,0.23146582,0.24222648,0.24563622,0.24574606
0.15921851,0.18408822,0.20027994,0.20569080,0.21230642
0.13316271,0.13850696,0.14925846,0.15062055,0.15180837
0.08633111,0.08764215,0.09489445,0.09904803,0.10489747
0.11967835,0.12182616,0.13084090,0.14029676,0.14690480
0.20345587,0.20890656,0.21122767,0.21401860,0.22372164
0.00000029,0.03274589,0.05845159,0.05845159,0.06384713
0.00000042,0.03274589,0.06868295,0.06868295,0.08069070
0.04383881,0.05211157,0.06229910,0.06229910,0.06245513
0.04887736,0.05470279,0.05519955,0.05519955,0.06175318
0.05399540,0.06318184,0.06626983,0.06995241,0.06995241
0.05280043,0.05915380,0.06057955,0.06495898,0.06495898
0.16579700,0.18576057,0.19121112,0.19398268,0.19407418
0.18498370,0.21049555,0.21097770,0.21717581,0.22230397
0.16461925,0.16461925,0.17114452,0.17258228,0.17590149
0.16541435,0.16664496,0.16800772,0.17545997,0.18758394
0.17566998,0.17776491,0.17777634,0.18261783,0.19101474
0.11588755,0.11879595,0.11934147,0.12515958,0.12807782
0.11024869,0.12152870,0.12497695,0.12821518,0.13065617
0.15368584,0.17304085,0.18529953,0.18849893,0.19553940
0.21239561,0.21639423,0.21940951,0.22133479,0.22310954
0.16979179,0.17325085,0.17439954,0.17520171,0.18018150
0.19874093,0.20029931,0.20089340,0.20311201,0.20378484
0.15826678,0.16751754,0.16989884,0.17004295,0.17189710
0.10272278,0.16326362,0.17143746,0.17269219,0.17427617
-0.00000026,0.09905270,0.10184196,0.11835784,0.11876920
0.12751512,0.14057171,0.14184667,0.15435760,0.16586255
-0.00000024,0.11062124,0.11485049,0.14771868,0.15256566
0.20950691,0.21694100,0.21721299,0.21725668,0.21934788
0.16821042,0.16961402,0.18531109,0.19191462,0.19427365
0.18700048,0.18950295,0.18992065,0.19576423,0.19605941
0.14860265,0.15225482,0.18550374,0.19477709,0.19489323
0.11454967,0.11729607,0.12858565,0.13785060,0.13816424
-0.00000024,0.10444658,0.10875008,0.10946093,0.10946093
-0.00000004,0.13084856,0.14222006,0.16880828,0.19067521
-0.00000029,0.10579418,0.10579418,0.11670969,0.12394172
0.06663307,0.09875230,0.09875230,0.12283763,0.12305379
0.19299114,0.19347280,0.20124879,0.20427480,0.20428504
0.15791288,0.17148203,0.17571546,0.18050113,0.19190632
0.13439867,0.14074433,0.14268409,0.14348207,0.14365524
0.14720327,0.14817244,0.15521815,0.15849279,0.17100541
0.13048282,0.14413024,0.15033139,0.15449160,0.15623544
0.15443328,0.15959388,0.16050786,0.17467105,0.17936982
0.12760046,0.14035988,0.15354733,0.15422523,0.15497008
0.13471170,0.14492433,0.15589753,0.15719534,0.15796991
0.22328374,0.22781692,0.23232944,0.23268767,0.23333217
0.20216660,0.21127452,0.22420982,0.22492535,0.22792393
0.13261670,0.13283399,0.13393913,0.13847218,0.14054693
0.14896692,0.20479244,0.20870204,0.21254265,0.22024617
0.10278711,0.10505161,0.10508756,0.11736030,0.12345392
0.12584142,0.14328367,0.14456512,0.14877483,0.15337063
0.12539390,0.12840447,0.13352934,0.13845134,0.14138998
0.09723414,0.11347923,0.12302618,0.12809733,0.12853800
0.08142038,0.08930501,0.09187904,0.09989687,0.10072012
0.13964757,0.14605585,0.14929891,0.14987531,0.15326075
-0.00000051,0.17562766,0.18379430,0.18592486,0.19092841
0.22559047,0.22601223,0.23126481,0.23377910,0.23377910
0.17448479,0.18019329,0.18249464,0.18354346,0.18588409
0.12323169,0.13008194,0.14816833,0.16304784,0.17007919
0.13393550,0.15221433,0.16761200,0.17006104,0.17150512
0.15682271,0.15682271,0.16014163,0.16573051,0.16765070
0.15301703,0.15472452,0.15472452,0.15898818,0.16879696
0.20274903,0.20878737,0.20976445,0.21090893,0.21225561
0.09574047,0.10644829,0.10821247,0.12474348,0.13016360
-0.00000003,0.09783636,0.11436235,0.12869292,0.13292602
0.09023536,0.10233292,0.10455753,0.10832942,0.11104128
0.08621213,0.09805132,0.09870183,0.09882759,0.10453039
0.09198499,0.09768659,0.10352331,0.10538558,0.10799097
0.09192689,0.09359170,0.09718639,0.09804858,0.09873286
0.08037780,0.08185966,0.08326026,0.08710101,0.08800307
0.10916480,0.11103392,0.11254286,0.11629453,0.11891105
0.07381345,0.07665785,0.07877885,0.08621417,0.08938715
0.15638855,0.16640504,0.18360442,0.18677542,0.18907806
0.13325365,0.13516939,0.14746475,0.15812640,0.16018966
0.13865978,0.15600385,0.16379556,0.16459076,0.16774483
0.15233791,0.15499358,0.15523197,0.15737791,0.15759051
0.15166219,0.15441021,0.15756302,0.16116606,0.16435349
0.04645065,0.07630704,0.07855889,0.08187650,0.09033930
0.08187723,0.08598446,0.09517696,0.09563985,0.09999692
0.09951688,0.11659002,0.12519675,0.12801144,0.13042256
0.17986816,0.18576980,0.18933250,0.19710405,0.19866136
0.17014223,0.17085312,0.20200130,0.20717579,0.20903140
0.15077351,0.15524486,0.16790938,0.16882303,0.16898906
0.15232460,0.21260744,0.21907634,0.21973537,0.22155805
0.12638250,0.15491876,0.15923966,0.16093394,0.16343710
0.12886076,0.14127830,0.14783315,0.15011907,0.15212750
0.07298742,0.08199543,0.09432239,0.09701078,0.10927650
0.09318155,0.11547051,0.12405708,0.13024926,0.13588825
0.13792872,0.14248592,0.14490215,0.14521636,0.14593653
0.10814196,0.11791697,0.13783778,0.13973872,0.14123043
0.15371229,0.15612678,0.15793723,0.15855365,0.16295034
0.21144406,0.23120667,0.23137949,0.23673880,0.24461257
0.14260362,0.14675136,0.15690586,0.16098531,0.16186170
0.15846764,0.15956932,0.16295855,0.16708469,0.17007191
0.15293612,0.18127751,0.18400075,0.18937175,0.19003168
0.17570063,0.17990127,0.21050180,0.21304756,0.21650222
0.17653278,0.17893659,0.19082764,0.19547558,0.19644785
0.15089226,0.16190895,0.16957289,0.17410034,0.18019153
0.09601085,0.11229183,0.11282297,0.11848673,0.12535068
0.08529088,0.11328521,0.11370312,0.11993453,0.14176361
0.17413351,0.17425433,0.18509266,0.18625794,0.18994847
0.13384961,0.15972710,0.16699888,0.17178570,0.18198894
0.11149284,0.11728583,0.14888468,0.15086114,0.16297440
-0.00000017,0.13238411,0.13411891,0.13720348,0.14104831
-0.00000042,0.14833796,0.20672655,0.21286449,0.21371946
0.14536557,0.15468480,0.15681501,0.15706092,0.15782169
0.15911861,0.18056676,0.18794280,0.18905579,0.19020651
0.16083799,0.17396572,0.18288349,0.18945809,0.19205488
0.19947065,0.21254767,0.21935213,0.21986458,0.22107451
0.14013405,0.15951729,0.18013924,0.18030258,0.18137373
0.13150731,0.13865948,0.16029197,0.16074860,0.16777690
0.11484149,0.12937367,0.13470004,0.14768341,0.14805691
0.09523546,0.12652746,0.13493462,0.13619174,0.13743120
0.17973444,0.19171384,0.19431843,0.19984096,0.20055211
0.08664595,0.13254483,0.13851735,0.14611501,0.14858207
0.09046814,0.11272202,0.12780227,0.12974881,0.14917956
0.16177009,0.16543829,0.17021577,0.17203766,0.17250112
0.15569139,0.17602845,0.17948462,0.18191235,0.18191607
0.11852393,0.12826791,0.14854325,0.15188181,0.15295868
0.20278485,0.20470455,0.20484084,0.20612979,0.20808813
0.13932051,0.14944214,0.15050842,0.15762165,0.15769562
0.11396230,0.11831278,0.15104353,0.15793955,0.15848328
0.13186575,0.14131582,0.14575112,0.15243612,0.15350053
0.13420136,0.13858655,0.13973676,0.14265493,0.14557831
0.18016750,0.19119565,0.19379577,0.19404441,0.19746527
0.16719961,0.16723353,0.17335035,0.18419366,0.18792082
0.19890746,0.20073566,0.20201489,0.20648612,0.20935662
0.08382539,0.09107894,0.09212079,0.09223142,0.09264641
0.07353268,0.08556531,0.08947440,0.09015088,0.09026943
0.08290295,0.08423972,0.08670653,0.08694866,0.09111910
0.11955266,0.12396319,0.12667519,0.12687363,0.12798581
0.12107794,0.12435329,0.12821703,0.13642175,0.13731790
0.20317270,0.21797800,0.22180952,0.22215763,0.22487074
0.18206105,0.18210565,0.20149264,0.21142970,0.21143761
0.25344250,0.26587951,0.26824954,0.26882598,0.26894233
0.15731315,0.16428028,0.17073011,0.17677365,0.18018217
0.21372856,0.21372856,0.23145628,0.23213190,0.23213190
0.12631033,0.14444815,0.14453623,0.14685149,0.14801092
-0.00000030,0.05989507,0.06164118,0.07822675,0.08839738
0.12067137,0.12848684,0.13666634,0.13681579,0.14022394
0.12333937,0.12867658,0.12888171,0.13597031,0.14068016
0.19474596,0.19983082,0.20113260,0.20166270,0.20481706
0.10795049,0.15564917,0.16267569,0.16356164,0.17001846
0.15648004,0.16243450,0.16657712,0.17075497,0.17693071
0.14757045,0.15000254,0.15362707,0.15903156,0.15947549
0.11933446,0.13293241,0.14732486,0.14903122,0.15234543
0.16811976,0.17231813,0.17374215,0.17836092,0.19217496
0.15691972,0.16887140,0.17586011,0.18841659,0.20579894
0.22455773,0.22694658,0.23361692,0.23722960,0.24246390
0.24388279,0.24696070,0.24769476,0.24971624,0.25204059
0.13488555,0.14341372,0.14480260,0.16150069,0.16506477
0.18145604,0.18283838,0.19763261,0.19943288,0.19973646
0.20737402,0.21078454,0.21942195,0.22165100,0.22607563
0.14648226,0.15735130,0.16486120,0.16836096,0.16974810
0.19653028,0.20154297,0.20290680,0.21051854,0.21590030
0.18999092,0.19344583,0.20300283,0.20558043,0.20676728
0.20991004,0.21683085,0.22323796,0.22762464,0.23119514
0.17323945,0.17552435,0.17816354,0.19140328,0.19861057
0.19416337,0.20016237,0.20437047,0.20900115,0.20923410
0.16281071,0.18837833,0.18977185,0.19320312,0.20222713
0.20918114,0.21192390,0.21663217,0.21871576,0.22421212
0.18855353,0.19220421,0.21205150,0.21823888,0.21967916
0.24553633,0.24761955,0.24814597,0.25143343,0.25307289
0.22511379,0.23059388,0.23505530,0.23671661,0.23792146
0.20081963,0.20724398,0.22043881,0.22859804,0.23122846
0.18616480,0.20283850,0.20540905,0.21242271,0.21432084
0.16594101,0.16975497,0.17817247,0.18324105,0.19069377
0.16290754,0.16833881,0.16984409,0.17095967,0.17232999
0.15526192,0.16167298,0.16315316,0.16377966,0.16678786
0.14923313,0.15482776,0.16084796,0.16090238,0.16434377
0.16056679,0.16952141,0.18007250,0.19208401,0.19259797
0.14559238,0.15391573,0.16237453,0.16238812,0.16418661
0.13091150,0.15441437,0.16603462,0.16705424,0.16978149
0.14066537,0.14390104,0.16682662,0.18338525,0.18814459
0.17518364,0.18606840,0.18695819,0.18812788,0.19030872
0.13199538,0.13667262,0.14780837,0.15214337,0.15713821
0.20589492,0.20621437,0.20892036,0.20939296,0.21161267
0.18525733,0.19349040,0.20536068,0.20658533,0.20769429
0.12719840,0.13920708,0.17322227,0.17617780,0.17851321
0.19276878,0.20332322,0.20380604,0.21147753,0.21451457
0.20955779,0.21704745,0.21843714,0.22294337,0.22877787
0.09731542,0.10162946,0.12016457,0.12308882,0.14082760
-0.00000067,0.09617785,0.16915512,0.17591676,0.17745811
0.00000006,0.09617785,0.13281266,0.13851905,0.13882113
0.05729144,0.12029374,0.13110273,0.14993985,0.16630057
0.10261537,0.16240250,0.18163067,0.20302613,0.21016578
0.06345350,0.09966325,0.10862115,0.13945760,0.14880125
0.05042924,0.10639733,0.11891651,0.15774015,0.16619347
0.19415593,0.19694152,0.20199072,0.20921387,0.21349213
0.15923508,0.17474906,0.18663301,0.20327824,0.20518212
0.19489644,0.21514666,0.21608452,0.21684819,0.21706772
0.22366023,0.23402633,0.23545021,0.23640051,0.23642349
0.10359615,0.13158938,0.13289373,0.13732028,0.13805005
0.18991126,0.19083287,0.19588308,0.19840282,0.19899657
-0.00000026,0.08804337,0.13095598,0.15973420,0.18527763
0.22377861,0.24026972,0.24062672,0.24737228,0.25045201
0.15358578,0.16575518,0.17587617,0.17984599,0.18251880
0.13321517,0.13913825,0.14427613,0.14458376,0.14645481
0.16306379,0.16909164,0.17096934,0.17447697,0.17483476
0.13776343,0.17811145,0.18107709,0.18482304,0.19214328
0.22296217,0.22825232,0.23517279,0.23599726,0.23758349
0.08315624,0.08651192,0.08700605,0.08860318,0.09069183
0.14464286,0.16323110,0.16477999,0.17046571,0.17690985
0.17927228,0.18146439,0.18454993,0.19157042,0.19231994
0.15082447,0.15956454,0.16139108,0.16509077,0.16763484
0.15601099,0.17175189,0.17558065,0.18572506,0.19170739
0.13438715,0.14086221,0.14187601,0.14650503,0.15488820
0.18290938,0.18341380,0.18418446,0.18738864,0.19423498
0.15975925,0.16179371,0.16362420,0.16569565,0.17190871
0.09071823,0.09418112,0.09459765,0.09616388,0.10019169
0.13314202,0.21820889,0.21971919,0.22195300,0.22717597
0.12751137,0.13539951,0.13971475,0.14338142,0.14647517
0.12360087,0.14451781,0.14509319,0.14662205,0.14808787
0.09427452,0.10346418,0.11680028,0.11944251,0.12129571
0.21923649,0.22518207,0.22865362,0.23364487,0.23639691
0.19412795,0.19769756,0.20474018,0.20566314,0.20608708
0.19421536,0.20312752,0.20842928,0.20870692,0.20915091
0.17459986,0.18809520,0.18837896,0.18979898,0.19977041
0.13271727,0.13749851,0.13909845,0.14619748,0.14657614
0.13162889,0.14307985,0.14439753,0.14508174,0.14566760
0.20973742,0.21244563,0.21536173,0.22549209,0.22718662
-0.00000009,0.09283979,0.09396903,0.10478128,0.11146379
0.07823663,0.08636089,0.09326357,0.11441249,0.11976384
0.09274651,0.09274651,0.10987587,0.12474053,0.12474053
0.13875303,0.13875303,0.14976235,0.15268360,0.15358801
0.16115850,0.16513428,0.17120966,0.17191829,0.17515130
0.19029036,0.20167072,0.20383982,0.21049517,0.21247964
0.14891993,0.15544994,0.15723130,0.16651626,0.17193887
0.18101043,0.18110350,0.18583702,0.18968984,0.19015042
0.10754874,0.10754874,0.12148900,0.17603315,0.17603315
0.19640782,0.19657022,0.20001939,0.20044570,0.20272069
-0.00000034,0.09564851,0.13346285,0.14373124,0.15637660
0.09421157,0.12222059,0.14826506,0.14874302,0.15449688
0.15460657,0.16327812,0.16873892,0.17759487,0.17761748
0.18812057,0.19254594,0.19529456,0.20331563,0.20805849
0.17056240,0.17944229,0.18566395,0.18946759,0.19676533
-0.00000015,0.08566884,0.09599721,0.10969529,0.12012157
0.15737148,0.18322551,0.18960780,0.19046389,0.20190971
0.15736429,0.17111719,0.17115301,0.18253018,0.19729672
0.04620733,0.15023559,0.15296312,0.16073588,0.17101832
0.00000030,0.19305873,0.19929956,0.20368327,0.20487030
0.17607613,0.18041837,0.18166012,0.18166012,0.18336648
0.12779331,0.14194310,0.14674859,0.14841719,0.14954573
0.16663590,0.17713036,0.17977111,0.18053985,0.18411511
0.12097146,0.13524540,0.15423526,0.15687422,0.16491705
0.18700075,0.22111653,0.23545723,0.23651573,0.23698410
0.15237696,0.16332620,0.17438094,0.17474094,0.17599556
0.19964172,0.21002714,0.21081346,0.21115081,0.21230936
0.18497699,0.20504078,0.20700654,0.20712233,0.20861185
0.18529692,0.18731329,0.18962851,0.19081731,0.19523840
0.10840642,0.11489333,0.12399076,0.12401175,0.12674560
0.15382525,0.16450849,0.17446662,0.17558660,0.17751975
0.13526562,0.14419907,0.14674842,0.15145388,0.15443137
0.16979022,0.20015675,0.20033480,0.20233093,0.20258994
0.15964158,0.17763495,0.18403074,0.18611726,0.18919082
0.20675850,0.20932092,0.21620329,0.21965773,0.22487755
0.13342699,0.14687611,0.15152231,0.15630689,0.15843342
0.10658146,0.13615631,0.14432450,0.14910476,0.16852976
0.09653977,0.11310999,0.12118997,0.12545094,0.12700318
0.08426285,0.08426285,0.08778867,0.12747110,0.12930952
0.23640795,0.24147855,0.24317940,0.24552658,0.24824078
0.21281680,0.21658687,0.21786392,0.21891911,0.21949553
0.07533267,0.11075172,0.12207831,0.13889933,0.15361486
0.20046420,0.20118664,0.20402087,0.20601495,0.20834127
0.12191246,0.14172286,0.15091731,0.15499383,0.15598246
0.00000018,0.07161024,0.08177807,0.09041919,0.10382926
0.00000090,0.07161024,0.08171953,0.09098544,0.09198176
0.16127650,0.16568595,0.17376862,0.17718731,0.17949821
0.11387013,0.14000398,0.14430594,0.16552788,0.16861196
0.12774952,0.14672920,0.16703257,0.16930482,0.17554799
0.12904312,0.13674307,0.13726091,0.13782878,0.14011773
0.08766349,0.08766349,0.09515914,0.11014849,0.14429773
0.21595088,0.21693376,0.22133499,0.22193237,0.22471485
0.17511076,0.17826109,0.18062477,0.18461733,0.19015197
0.21711412,0.21727213,0.22209218,0.22518131,0.22830714
0.15640728,0.15857702,0.16017431,0.16067715,0.16150627
0.13832904,0.14391771,0.14565989,0.14658980,0.14814208
0.11773368,0.12225699,0.12537235,0.12801507,0.12993649
0.18707708,0.18930638,0.18949148,0.19412319,0.19837058
0.18403371,0.18437655,0.19228904,0.19692430,0.19971643
0.17165461,0.17210278,0.18113710,0.19674464,0.19674842
0.20693333,0.22379556,0.22615600,0.22881131,0.23076394
0.20129780,0.20752981,0.21281949,0.21296857,0.21900515
0.11989784,0.12258098,0.12369616,0.12673987,0.13370219
0.17719597,0.17725812,0.19978908,0.20544447,0.21152598
0.16740252,0.17581673,0.18939887,0.19027214,0.19462837
0.15414703,0.16473061,0.18725848,0.19457372,0.19646785
0.23188537,0.23936789,0.24189390,0.24932967,0.25437975
0.15647663,0.15710358,0.18032181,0.18288960,0.18814617
0.11622319,0.11939029,0.12773615,0.13905165,0.13967106
0.22947609,0.23302700,0.24120398,0.24328201,0.24416320
0.20181036,0.20911886,0.22614460,0.22722830,0.22806302
0.25400671,0.25880185,0.26624969,0.26720759,0.27008012
0.12484138,0.13045527,0.15338457,0.16585733,0.17000502
0.16746841,0.17134954,0.18498582,0.18684320,0.18785483
0.07461900,0.19379729,0.19703095,0.19834478,0.20467581
0.16423073,0.17025571,0.17901246,0.19211499,0.19354980
0.07608844,0.10247202,0.11421405,0.13518991,0.14797539
0.17428195,0.18032695,0.19335367,0.19363520,0.19986112
0.16804105,0.19844270,0.19934280,0.19999270,0.20059763
0.17111294,0.17908867,0.18688528,0.18871313,0.18880861
0.10628609,0.11526582,0.11574053,0.12007808,0.12709562
0.10616975,0.11734748,0.12163749,0.12798391,0.13309734
0.20601660,0.20687556,0.22367968,0.23637280,0.23639941
0.22748560,0.23243071,0.23545334,0.23609789,0.23634864
0.05129026,0.09584216,0.09761931,0.10169998,0.10839587
0.09572903,0.10444534,0.10979883,0.11063215,0.11979147
0.10194832,0.10194832,0.11403047,0.11467317,0.12296002
0.14107120,0.15966871,0.16046967,0.16252156,0.16270226
0.20413348,0.21740347,0.22520393,0.23242986,0.23376586
0.12588391,0.13844420,0.15821429,0.16075212,0.16160041
-0.00000009,0.10605156,0.11011851,0.12091308,0.12456208
0.00000019,0.13841139,0.15645920,0.16564505,0.17487417
0.14231664,0.14334589,0.14365327,0.14475906,0.14513482
0.08679308,0.12936030,0.13133276,0.13680618,0.13796031
0.14767256,0.14802533,0.17886600,0.18805267,0.20110378
0.12597652,0.15676945,0.15676945,0.15841258,0.16322649
-0.00000018,0.07993402,0.09412487,0.09731831,0.12651627
0.04381430,0.07601683,0.08172762,0.09704618,0.10789886
-0.00000046,0.07742876,0.08922260,0.09423110,0.09905102
0.12795331,0.13009012,0.13214700,0.13416404,0.13774422
0.12673616,0.13190106,0.13399392,0.13486953,0.13495116
0.18586567,0.18740724,0.19621384,0.20525935,0.20873141
0.17470968,0.20132664,0.22629622,0.23879871,0.23891173
0.12635452,0.15052040,0.15223882,0.15411265,0.15555364
-0.00000009,0.11727752,0.14989948,0.16907170,0.18323158
0.16428116,0.16525614,0.16691668,0.16723114,0.17105585
0.14333341,0.15489249,0.15851693,0.17410687,0.17726521
0.21331015,0.21731253,0.22302297,0.22968978,0.23563652
0.00000026,0.11985029,0.12612192,0.13555762,0.13618782
0.16991538,0.17476958,0.18261145,0.18326728,0.19269584
0.20030463,0.20699924,0.21887344,0.22736879,0.22785002
0.11331846,0.16929349,0.16939877,0.18313494,0.18655655
0.17273919,0.19795696,0.19877549,0.20273209,0.20398107
0.11091243,0.11814693,0.12551214,0.13251784,0.13277812
0.13271075,0.15630129,0.15915081,0.16040675,0.16289739
0.16236648,0.16288517,0.17646748,0.18256477,0.18359138
0.13067502,0.17242549,0.18423788,0.18597032,0.19034611
0.07532785,0.08445039,0.14187524,0.15846810,0.16786455
0.10185963,0.11896985,0.14481106,0.15401635,0.15993188
0.09441441,0.10882824,0.10965478,0.11010487,0.11361436
0.22814800,0.24011892,0.24156101,0.24172562,0.24618629
0.09578888,0.10131451,0.10556175,0.10585838,0.11117616
0.13363865,0.13975278,0.14175650,0.14818402,0.14864130
0.12714906,0.12956657,0.13571987,0.13626572,0.14083022
0.16497852,0.16925988,0.17058992,0.17059372,0.18240017
0.13105185,0.15300274,0.16106038,0.16460231,0.17148857
0.20741569,0.20886038,0.21001776,0.21922202,0.22019963
0.00000027,0.08933032,0.09271041,0.09774724,0.10142817
0.00000037,0.04196642,0.04708223,0.11188139,0.11302601
0.16358767,0.16640064,0.16945057,0.17423807,0.17463544
0.07534179,0.08648112,0.09125654,0.09279209,0.09636436
0.19721374,0.20749646,0.21429427,0.21505810,0.21859908
0.13793764,0.14226264,0.14292321,0.16203564,0.16391505
0.15649769,0.16942944,0.17088300,0.17873563,0.18390933
0.23416781,0.23510398,0.23687927,0.23761800,0.24105637
0.13170919,0.15313719,0.16047962,0.17529553,0.17755833
0.13755624,0.14442042,0.14659333,0.16254234,0.16817416
0.10655013,0.15452591,0.19116348,0.21264537,0.21324635
0.16852269,0.17227164,0.18327165,0.18573716,0.19299942
0.06899729,0.06899729,0.07104266,0.07816099,0.08296099
0.08357874,0.08357874,0.08511566,0.08901578,0.09293110
0.04918604,0.05555359,0.05628466,0.06026004,0.06180466
0.03561232,0.04244295,0.04620200,0.05058444,0.05757564
0.07851668,0.07882092,0.08939424,0.09104795,0.10313508
0.07154769,0.09349608,0.09706271,0.10304151,0.10439011
0.08671569,0.10961953,0.11103974,0.11537205,0.11691221
0.05777411,0.05889712,0.06518896,0.06914716,0.07004627
0.20303056,0.21267991,0.21695486,0.22658427,0.24020191
0.15783462,0.17606239,0.18800274,0.19172947,0.19485624
0.14136079,0.14648755,0.15541406,0.15568174,0.15788560
0.19033088,0.19197333,0.21102110,0.21574736,0.22299942
0.17527394,0.17566732,0.17742792,0.17882480,0.17899841
0.21191765,0.22085465,0.23195127,0.23349035,0.23552132
0.17332430,0.17495790,0.18486367,0.18925966,0.19052100
0.12015143,0.12744200,0.13683015,0.13769519,0.13835958
0.07919077,0.08384228,0.12499214,0.13565333,0.13952592
0.10171895,0.11368161,0.12505950,0.13140433,0.13444178
0.20166238,0.20517980,0.20610581,0.21162103,0.21247861
0.12563567,0.12991562,0.13386808,0.13612238,0.13624620
0.14787567,0.14984147,0.14987314,0.15081060,0.15769646
0.17061900,0.18616045,0.19097064,0.19441171,0.20268159
0.10208772,0.11116857,0.11306835,0.12490781,0.12792073
0.02913731,0.04878433,0.06953420,0.08080697,0.08384421
0.16186339,0.16241875,0.16241875,0.17971057,0.18194155
0.17560431,0.17723201,0.18710747,0.18726704,0.18820651
0.20765610,0.20844099,0.21343076,0.21515082,0.21518132
0.16436660,0.16709021,0.18600385,0.18781517,0.18855245
0.14123297,0.15954246,0.16034357,0.16461548,0.17057833
0.16542827,0.18348144,0.18396546,0.18512046,0.18595627
0.11687934,0.12328759,0.12946090,0.13281164,0.13468824
0.06109291,0.08497772,0.08784796,0.08867637,0.08952715
0.20018570,0.21332647,0.21600488,0.22083119,0.22239958
0.18016042,0.18757445,0.19005185,0.19310357,0.19452654
0.13819237,0.14879501,0.15072051,0.15084362,0.15180846
0.13847667,0.13893479,0.13956699,0.14000610,0.14248098
0.10664333,0.11007857,0.11032571,0.11142831,0.11659435
0.13495623,0.14180113,0.16168234,0.16269359,0.16449912
0.13303740,0.13950320,0.15331416,0.15776220,0.15903352
0.10403882,0.10825282,0.11490618,0.11624636,0.11897715
0.12142936,0.13037477,0.13122237,0.13464944,0.13582812
0.09376900,0.09926102,0.10052352,0.10628410,0.11212826
0.05699815,0.15910617,0.16480982,0.17540285,0.18213084
0.07767090,0.17040135,0.17125614,0.17930827,0.18370958
0.21670771,0.22189556,0.22200331,0.23162171,0.23240748
0.15514813,0.16081718,0.17597902,0.17606178,0.17958874
0.14773142,0.15085171,0.15387543,0.16101284,0.16119525
0.11369356,0.11580035,0.11808866,0.11911876,0.12164003
0.21304105,0.21724963,0.22137022,0.22929560,0.23022887
0.22642007,0.23011978,0.23631278,0.23870207,0.24363244
0.16811644,0.17059128,0.17336024,0.17775683,0.17972729
0.15553084,0.16378765,0.16782156,0.17522211,0.17771408
0.15428267,0.15692413,0.15836941,0.16350812,0.16919833
0.16339144,0.17788708,0.18698689,0.19047537,0.19095320
0.14557166,0.15366161,0.16300505,0.17833805,0.18139389
0.06494878,0.09129563,0.09153016,0.09186237,0.09406281
0.20727988,0.21273534,0.21422260,0.21698980,0.21738735
0.12059387,0.12251410,0.12272345,0.13601808,0.13684705
0.12111221,0.12627180,0.12818186,0.12844446,0.13066608
0.17170899,0.17960250,0.18357942,0.19941908,0.21578379
0.14690119,0.15575333,0.15730043,0.15849213,0.15849213
0.17126340,0.17510612,0.17547058,0.17597470,0.17603916
0.19229726,0.19434094,0.19640639,0.19645706,0.19837044
0.18691278,0.19145201,0.19690786,0.19945437,0.20235783
0.13992211,0.15541948,0.16806002,0.17596625,0.18029782
0.12732583,0.13189109,0.15527990,0.17042023,0.17588884
0.19707264,0.20646691,0.20674413,0.21009964,0.21136507
0.22325355,0.23984671,0.24346842,0.24354288,0.24356486
0.17158276,0.18023540,0.18456538,0.18835407,0.19064078
0.15358400,0.15727343,0.15764312,0.16108285,0.17337480
0.15984654,0.16093726,0.16409409,0.17091644,0.17180467
0.15370387,0.15605408,0.16221119,0.16396947,0.16654566
0.21559703,0.22183642,0.23230812,0.23477323,0.23504449
0.18409337,0.18798497,0.19234461,0.19603379,0.19634257
0.14406247,0.16532211,0.16587561,0.16672191,0.16942444
0.23046605,0.23659518,0.23951526,0.23976587,0.25070542
0.15972222,0.18194203,0.18637934,0.18641484,0.19307449
0.16200650,0.19183816,0.19389036,0.19467381,0.19715823
0.15857624,0.19858383,0.21095073,0.22383654,0.22791386
0.19967513,0.21210635,0.22552112,0.23964235,0.23975606
0.19904803,0.20755357,0.21066263,0.21151841,0.21500199
0.20308073,0.20390232,0.20673814,0.20749654,0.20932266
0.16187643,0.16345489,0.17612889,0.17762920,0.18441977
0.11449772,0.13982350,0.14055812,0.14968075,0.15219685
0.13531481,0.15538217,0.15773299,0.16371398,0.17674804
0.21619593,0.21952488,0.23149844,0.23209783,0.23359147
0.14542964,0.18416944,0.19010663,0.19055194,0.19394514
0.12194236,0.13497557,0.13783216,0.14176860,0.15465769
0.17355400,0.18232679,0.18345393,0.18441053,0.19503085
0.19175389,0.19363211,0.20008463,0.20351978,0.20876463
0.17379500,0.17764518,0.18255836,0.19787367,0.20007759
0.15391064,0.18855375,0.19710059,0.19954209,0.21056056
0.17232279,0.18278949,0.18620504,0.19163941,0.20219135
0.21012886,0.21048680,0.21901250,0.22363262,0.22774425
0.14879826,0.16543709,0.17046821,0.17568621,0.17673054
0.19980441,0.21487775,0.22338428,0.22788730,0.22918209
0.20822035,0.20889197,0.20918009,0.22528547,0.22621651
0.03406456,0.04379258,0.04872658,0.04983362,0.05121506
0.03909308,0.04588290,0.05395692,0.05439194,0.05464832
0.04830331,0.04926267,0.05071300,0.05456410,0.05836501
0.04284138,0.04318952,0.04566468,0.04775047,0.05241366
0.04454558,0.04890872,0.05327599,0.05360749,0.05482847
0.04170579,0.04226881,0.04709555,0.05061557,0.05165873
0.18512924,0.20462704,0.20557365,0.21454097,0.21620920
0.16850388,0.17245415,0.17543797,0.17614406,0.18346316
0.07506356,0.07987202,0.08246650,0.09308303,0.09384003
0.07907291,0.08467923,0.10086623,0.10529369,0.11139536
0.14381468,0.16206004,0.18584433,0.18999389,0.19674973
0.20847355,0.21509007,0.21744047,0.22142717,0.22277224
0.16357929,0.18358701,0.18791027,0.18813622,0.18834922
0.18160520,0.18752304,0.19015905,0.19684029,0.19689947
0.23030770,0.23083240,0.23203568,0.23485509,0.23563284
0.00000053,0.09903095,0.11548205,0.13750985,0.15218478
-0.00000048,0.18267940,0.19539542,0.20006514,0.20670316
0.19641003,0.20690438,0.21357009,0.21551624,0.22009636
0.12333206,0.14184099,0.14590460,0.15509930,0.15959246
0.17831901,0.18893968,0.20911127,0.21221241,0.22093196
0.21486475,0.23581825,0.24037121,0.24145541,0.24168238
0.18044782,0.19611724,0.21520129,0.21529824,0.21693683
0.20489222,0.21205746,0.21813644,0.22644722,0.22866476
0.15618125,0.16712780,0.17160274,0.18069464,0.18157233
0.13964880,0.15964413,0.16659984,0.16831413,0.17284001
0.15860939,0.16114284,0.16631034,0.17497945,0.17875436
0.06715835,0.07975191,0.08025564,0.08120515,0.08159414
0.22102606,0.22441456,0.22464314,0.22666162,0.22976094
0.18710421,0.20568810,0.21071909,0.21071909,0.21076725
0.19466777,0.19586079,0.19882625,0.19954431,0.19971982
0.16913471,0.18047683,0.18191580,0.19843918,0.19877726
0.22139069,0.22679052,0.23248172,0.23919666,0.24002226
0.19054081,0.20959201,0.21326305,0.21463992,0.21531029
0.19181520,0.22532979,0.23618063,0.24121445,0.24171300
0.18957652,0.19303918,0.19855690,0.20209906,0.21922201
0.17631061,0.20042709,0.20081879,0.20360880,0.20431370
0.20043004,0.20647687,0.21089707,0.21266122,0.22072242
0.19744839,0.20513144,0.21468033,0.21974194,0.22194098
0.19173381,0.19427069,0.20400639,0.20618062,0.20618062
0.19690128,0.20015927,0.20779316,0.21047504,0.21121033
0.07015565,0.07695642,0.08719654,0.09026249,0.09047319
0.07323749,0.07432250,0.07615046,0.07667433,0.07672111
0.08321112,0.08397890,0.08805120,0.09527592,0.10397794
0.10845335,0.11126538,0.11699536,0.13125688,0.13182406
0.13917698,0.14487773,0.14720511,0.15161212,0.16050659
0.14232233,0.16616291,0.16715524,0.17611209,0.19187774
0.16765437,0.19029792,0.19372775,0.19876345,0.19888435
0.09012230,0.09499212,0.09615700,0.11631520,0.11713386
0.09770893,0.10279289,0.10511350,0.11128961,0.11384356
0.15058134,0.15838711,0.16684134,0.17017585,0.17991689
0.14907405,0.16250354,0.16716340,0.17272207,0.17513782
0.19246906,0.19330530,0.19905338,0.19908983,0.20077266
0.11112716,0.11566261,0.12038446,0.12185017,0.12535582
0.11133013,0.11315918,0.11557973,0.11857233,0.12067054
0.20187825,0.20788923,0.21147192,0.21355811,0.21369003
0.20177585,0.20451801,0.20743085,0.20833480,0.20880121
0.09249839,0.09708697,0.09832073,0.11351971,0.12317260
0.09663721,0.09845357,0.11542739,0.11727428,0.12329150
0.15579987,0.15710305,0.16587867,0.17663279,0.17930475
0.16080143,0.18993609,0.19578454,0.20791225,0.20842886
0.16341485,0.19905201,0.21492556,0.21591027,0.22085062
0.18569082,0.18736766,0.20376183,0.20800269,0.21903041
0.16658418,0.18907975,0.19362438,0.19486335,0.19747235
0.20079982,0.20760542,0.21770535,0.22932251,0.22959004
0.18193917,0.18700863,0.18886015,0.20082130,0.20144998
0.14543103,0.15616052,0.15883040,0.16481279,0.16511460
0.24440975,0.24505815,0.24741660,0.24861090,0.25355551
0.13054910,0.14939548,0.14944702,0.15274137,0.15342690
0.19067307,0.19150233,0.20576088,0.20599480,0.20946820
0.16799709,0.17788528,0.17855944,0.18246469,0.18317561
0.18930162,0.19390066,0.19756417,0.19890362,0.20000507
0.19545147,0.20030001,0.20743117,0.20855829,0.20927423
-0.00000040,0.14761795,0.18022370,0.18444231,0.18974838
0.10991815,0.12393018,0.12440924,0.12452807,0.12659554
0.16807222,0.17161475,0.17352353,0.17665055,0.17990769
0.15038903,0.17994621,0.18504483,0.19306640,0.19308384
0.18909872,0.19209184,0.19480406,0.20264724,0.20338106
-0.00000032,0.17520158,0.18568151,0.19760764,0.20333199
0.21055765,0.22934222,0.23341161,0.24266757,0.24327701
-0.00000016,0.10177465,0.11146887,0.11685047,0.12097633
0.00000004,0.09828147,0.12598394,0.12615229,0.17349416
0.09044839,0.09969813,0.10692984,0.12093458,0.12376174
0.20106149,0.22118703,0.22593209,0.23096329,0.23960388
0.13267349,0.13446413,0.13922459,0.14250170,0.14467329
0.03077354,0.13273589,0.13654882,0.14660473,0.14952321
-0.00000003,0.04189727,0.06161566,0.08216798,0.08335891
0.21486349,0.22023278,0.22152862,0.22578402,0.23071346
0.21886946,0.22649978,0.22719534,0.22922428,0.23068383
0.18742418,0.19172631,0.19202542,0.20221628,0.20262128
0.20240861,0.20788702,0.21331854,0.21526206,0.21748564
0.20085540,0.22427343,0.22838217,0.22843900,0.22980054
0.20938213,0.21635181,0.21635181,0.21718313,0.22182111
0.11129260,0.11689264,0.13165538,0.13683110,0.14793345
0.10791227,0.13661650,0.15129119,0.16066565,0.16180266
0.12205458,0.12403158,0.12798364,0.12828456,0.13053165
0.08765365,0.10174156,0.10760581,0.10867839,0.11975533
0.00000026,0.04362713,0.04870550,0.07936628,0.08904049
0.20166829,0.22968301,0.23583168,0.24154215,0.24235995
0.16860314,0.17372881,0.18273148,0.18441997,0.19355738
0.12391925,0.14581887,0.14601639,0.14827749,0.15047565
0.11229812,0.11525443,0.11703139,0.11796948,0.12131942
0.16906972,0.17039029,0.17318678,0.17913258,0.18777619
0.16288871,0.17838807,0.20209533,0.20606768,0.20782439
0.19434436,0.20458375,0.20553270,0.20719337,0.20955850
0.14659640,0.14970407,0.16327490,0.16393679,0.16431184
0.20584954,0.25710747,0.26176792,0.26705897,0.26872253
0.13695811,0.14119650,0.14308614,0.14613749,0.14787880
0.10869533,0.11843851,0.11860438,0.12164421,0.12689811
0.10727549,0.11220473,0.11788870,0.12240608,0.13161920
0.20025246,0.21004274,0.21589763,0.21635284,0.21952978
0.17055619,0.17270716,0.18397371,0.18601581,0.18970135
0.18039089,0.20039696,0.20151418,0.20449209,0.20578840
-0.00000005,0.03470430,0.03646713,0.05628744,0.08138025
0.16228634,0.18759488,0.19892539,0.20168135,0.20208861
0.07282481,0.09197898,0.10037291,0.10144550,0.10553733
0.07122307,0.07447241,0.10024566,0.10122636,0.10510785
0.14366002,0.14688589,0.14712334,0.15261941,0.15558103
0.16242422,0.17746192,0.18693909,0.19079849,0.19106956
0.09214704,0.10609089,0.10616975,0.10740322,0.10894075
0.04663684,0.04868444,0.04982927,0.05168619,0.05182373
0.04089810,0.04492820,0.04561026,0.04582238,0.04584544
0.03876776,0.04174314,0.04461809,0.04637761,0.04816502
0.09364968,0.09818530,0.09826674,0.10438241,0.10713513
0.15780856,0.17035310,0.17711152,0.18146636,0.18210100
0.18321410,0.19472788,0.19521835,0.19727921,0.19783679
0.11582713,0.12552224,0.12819135,0.13072112,0.13915078
-0.00000033,0.09219240,0.09793054,0.10506415,0.10619809
0.15713727,0.16435824,0.17320171,0.18038151,0.18859866
0.17448576,0.21146686,0.21478549,0.21561481,0.21683332
0.16442466,0.16572873,0.16755728,0.16978963,0.16982409
0.14635946,0.14835952,0.15040509,0.15562081,0.15780078
0.13789460,0.14523001,0.15316992,0.15360828,0.15444469
0.20794663,0.21461160,0.21817699,0.22193731,0.22436756
0.11977650,0.13056445,0.13089684,0.13156486,0.13329130
0.11419597,0.13426514,0.13837805,0.13993099,0.14174457
0.21395169,0.22156382,0.22750460,0.22896810,0.23214358
0.17071867,0.17431112,0.18248843,0.18332753,0.18572848
0.19809128,0.20811994,0.20834674,0.21630576,0.21871753
0.17897338,0.18432528,0.18459046,0.18498899,0.19056775
0.18513894,0.18642707,0.18737896,0.18829162,0.19019501
0.16729185,0.19343036,0.19447999,0.19792891,0.20035660
0.10477937,0.10995151,0.11312586,0.11493148,0.11496198
0.15440227,0.15503561,0.16246912,0.16466996,0.17048632
0.20142497,0.20777953,0.21338131,0.21439326,0.21772541
0.12062104,0.12482604,0.12812179,0.12839290,0.13113214
0.11125269,0.11306900,0.11600584,0.11641608,0.11692815
0.13089444,0.13101679,0.14321235,0.14638501,0.17743732
0.21948931,0.22443357,0.22806169,0.23146078,0.23438546
0.17171209,0.18838254,0.19221647,0.19373465,0.19452760
0.18769932,0.21306780,0.22565840,0.22768721,0.23040749
0.13218078,0.13299470,0.14332232,0.14594071,0.14745815
0.13467620,0.14340524,0.15374729,0.15594935,0.16499946
0.11516243,0.13471362,0.13534340,0.13573334,0.13591029
0.13290656,0.13546948,0.14485358,0.15113565,0.15225796
0.12794968,0.12846005,0.12868065,0.13034955,0.13337308
0.13818608,0.14231202,0.14569047,0.14592800,0.14615382
0.03056416,0.03329800,0.03518660,0.03754368,0.03771904
0.08623749,0.08971144,0.09083581,0.09503105,0.09622538
0.04112028,0.09502645,0.09807361,0.09920871,0.12800685
0.04379060,0.10502489,0.11083754,0.11178432,0.13592158
0.13566951,0.13718137,0.13873376,0.14080207,0.14334950
0.11692952,0.12611726,0.12885357,0.12959763,0.13174537
0.21765032,0.21853028,0.22935165,0.23052429,0.24141552
0.13735323,0.14586483,0.14587453,0.15205690,0.15964860
0.19776390,0.19844019,0.20336094,0.20791189,0.21081175
0.15770401,0.15892780,0.17504978,0.17510906,0.17620924
0.15142462,0.15589139,0.16733776,0.17366095,0.17668468
0.15278795,0.17220779,0.17552993,0.18308713,0.18501225
0.11972845,0.12746112,0.12852566,0.12885317,0.13921115
0.15085658,0.20748055,0.20987836,0.22247180,0.22886436
0.12177294,0.13822420,0.13926409,0.14705928,0.14712718
0.11123250,0.11560722,0.12103275,0.12176187,0.12206559
0.11799086,0.12113159,0.12363617,0.12405697,0.13552688
0.18328279,0.18657026,0.18983415,0.20814613,0.20941576
0.18471898,0.19603725,0.20568664,0.20621125,0.20950747
0.13008767,0.17610194,0.18037985,0.19645895,0.19862223
0.17145641,0.19649282,0.20830671,0.21221152,0.21882837
0.21808192,0.22377674,0.22625254,0.22778238,0.23081838
0.11205541,0.11447772,0.12387884,0.13162957,0.13748871
0.14273436,0.15053536,0.15757477,0.15903062,0.17354986
0.13621761,0.16507466,0.16944543,0.17038111,0.17661327
0.03479070,0.21682048,0.22954416,0.23196329,0.23721370
0.24117692,0.24198160,0.24464625,0.25036260,0.25159770
0.23513991,0.24761021,0.24986961,0.25438079,0.25439164
0.24250004,0.24599174,0.24896784,0.25173840,0.25392899
0.10825940,0.11993457,0.12463374,0.12558264,0.12617432
0.17907101,0.17928375,0.17949766,0.18164992,0.18304199
0.20278610,0.22839782,0.23066825,0.23251495,0.23299088
0.15845604,0.19961677,0.21249266,0.21336640,0.21399026
0.22047532,0.22455817,0.22477084,0.22585665,0.22933297
0.18855760,0.19187470,0.20511888,0.20829353,0.22130665
0.03663926,0.03716213,0.04553664,0.05469167,0.05687150
0.21485458,0.22623605,0.23485439,0.23943843,0.24193721
0.18444557,0.21487892,0.22216308,0.22464973,0.22472198
0.20139666,0.23019116,0.23930661,0.24688506,0.25344399
0.14886457,0.16298719,0.16795200,0.17566118,0.17726289
0.17900266,0.18112451,0.18513617,0.18758693,0.19359280
0.17668651,0.17902005,0.18157744,0.18753445,0.19033019
0.16546343,0.18500544,0.19633873,0.19866024,0.20104319
0.14796498,0.15397355,0.16902271,0.17035052,0.17056285
0.00000061,0.06347014,0.06564082,0.06847216,0.12060545
0.17002006,0.17149203,0.17610970,0.18007059,0.18184583
0.20421900,0.20908308,0.20977642,0.21222571,0.21312636
0.06732196,0.06941304,0.07065115,0.08138336,0.08597510
0.10343719,0.10354500,0.11147873,0.11157389,0.11515351
0.11173470,0.11386707,0.12820862,0.12829514,0.12848067
0.12102609,0.12395054,0.12655279,0.12870841,0.12957150
0.16321743,0.17087631,0.17880628,0.18083009,0.18505678
0.13996482,0.14368008,0.17789720,0.18154848,0.18187715
-0.00000049,0.02774772,0.03497532,0.04217949,0.04329077
0.21273576,0.21785785,0.21866435,0.22258705,0.22308971
0.14722039,0.14921868,0.15153205,0.15473947,0.15673193
0.17137007,0.17388728,0.17418993,0.17494215,0.17601338
0.16038570,0.16155913,0.17260157,0.18462984,0.19072580
0.13449454,0.15447359,0.16570543,0.16916642,0.17677785
0.17420062,0.17584212,0.17701475,0.18042564,0.18113773
0.20342200,0.20437576,0.21377479,0.21813865,0.21895479
0.19207184,0.19922166,0.20055988,0.20315164,0.20325637
0.17715666,0.17885822,0.18595323,0.19416946,0.20077452
0.17466645,0.17647547,0.17881349,0.18387237,0.18589379
0.18212090,0.19367059,0.20327801,0.21197376,0.21231028
0.13157210,0.13423511,0.13944413,0.14897753,0.15265654
0.11440719,0.11585095,0.12966895,0.13227847,0.13692091
0.10626846,0.12019217,0.14314543,0.16386512,0.16937944
0.13430789,0.16561735,0.16680671,0.16683599,0.16760480
0.15832977,0.16007662,0.16172171,0.17449991,0.17714237
0.19315864,0.20798968,0.21070850,0.22467265,0.23158124
0.16360387,0.19561234,0.20287301,0.20812689,0.21243440
0.20781013,0.20928796,0.21012659,0.21031450,0.21149001
0.15085353,0.15276875,0.15883894,0.16335006,0.16584983
0.24429867,0.24456753,0.24866275,0.24973057,0.25662374
0.19083598,0.19198254,0.21040034,0.21508747,0.21778031
0.14096835,0.14463234,0.16148113,0.16241497,0.16697392
0.09537094,0.09636502,0.09897836,0.10203356,0.10513178
0.08588535,0.09078906,0.09197849,0.09634613,0.10071206
0.08832227,0.09428600,0.09568942,0.09584381,0.10273056
0.16953094,0.17476001,0.18443404,0.18887649,0.19092077
0.19292296,0.20549226,0.21767375,0.21847980,0.22491296
0.15217724,0.17135949,0.18133296,0.18521218,0.18668242
0.20879063,0.20967373,0.21046233,0.21125507,0.21154094
0.13653588,0.13908017,0.14547132,0.14779444,0.14888592
0.09001446,0.09903985,0.11496111,0.11558967,0.11596721
0.15333229,0.15440643,0.16342016,0.16410360,0.17515081
0.15499319,0.16930179,0.18439479,0.18616040,0.18712680
0.15709229,0.16642970,0.16645409,0.17058936,0.17072903
0.13123135,0.14387348,0.15467894,0.15644577,0.16185997
0.15035555,0.16736971,0.16964315,0.17091191,0.17142439
0.14324746,0.15081216,0.17523244,0.18248461,0.18299523
0.15046093,0.15974912,0.16379696,0.16706243,0.16765435
0.15280120,0.16131385,0.21511263,0.21976645,0.22237329
0.19874866,0.20485857,0.20734896,0.21079028,0.21460155
0.12241354,0.13580312,0.13610137,0.13975029,0.14582862
0.16068774,0.16265047,0.16405423,0.17666844,0.17719267
0.12845828,0.13781150,0.14078169,0.15066336,0.15504897
0.14984088,0.15264377,0.19031003,0.19064845,0.19304441
0.18345062,0.18691370,0.18787538,0.18795413,0.18906596
0.16828017,0.17181088,0.17241873,0.17456996,0.17572346
0.18350738,0.19553980,0.19614634,0.21402891,0.21413878
0.18262628,0.19359176,0.19825734,0.20334223,0.20671859
0.19767934,0.20079979,0.20401032,0.20493211,0.20770398
0.13193554,0.13419658,0.14454111,0.14645647,0.15447497
0.17101833,0.17118864,0.18032566,0.21796121,0.23158847
0.16520856,0.17936207,0.18958147,0.19185498,0.19514158
0.15195727,0.16261511,0.16732988,0.17596537,0.18934070
0.16981369,0.17150314,0.17156491,0.17242396,0.17342728
0.14662325,0.15136164,0.15567788,0.16661750,0.16871299
0.18645695,0.19122034,0.19505766,0.19564556,0.19799031
0.17643347,0.18049522,0.19656213,0.20455915,0.20537958
0.12622415,0.13019368,0.13208747,0.13340838,0.13454074
0.13582572,0.13669749,0.14225784,0.14250734,0.14770481
0.15463220,0.15559100,0.17133188,0.17500034,0.18020275
0.20056251,0.20528787,0.20936504,0.21006460,0.21075308
0.18389414,0.19053486,0.19310306,0.20229535,0.20707834
0.17440015,0.17519134,0.17520216,0.17753360,0.18093453
0.08134572,0.13216230,0.14327377,0.14686900,0.15350124
0.09560278,0.13769925,0.14392832,0.14860564,0.17549075
0.14701898,0.17782867,0.18142876,0.18728440,0.18902649
0.19759697,0.22389805,0.22509296,0.23004518,0.23682019
0.16825940,0.19496979,0.20190200,0.20234776,0.20445417
0.14760382,0.14843296,0.15415065,0.15850109,0.16010956
0.15947694,0.16166967,0.16370218,0.16409877,0.16881017
0.20893455,0.20917177,0.21166436,0.21314672,0.21663620
0.20186180,0.20206736,0.21532583,0.21678235,0.21707706
0.18957525,0.20948501,0.22135991,0.22306667,0.22518185
0.15778872,0.16990343,0.17056450,0.17056450,0.17209481
0.18717380,0.19565009,0.19911414,0.19998646,0.20230220
0.12337495,0.12658271,0.13563995,0.15484193,0.15510982
0.19009429,0.20248695,0.20922872,0.20997739,0.21572697
0.12800722,0.15085186,0.16118100,0.16610910,0.16670282
0.16678473,0.18656898,0.22372611,0.23545805,0.23658393
0.17783388,0.17921647,0.19737957,0.19774362,0.19849683
0.16517390,0.16740668,0.17073819,0.17346066,0.17558593
0.17205276,0.18652076,0.19482401,0.19636969,0.19675469
0.17685796,0.18900572,0.19199993,0.19369587,0.19489098
0.18623644,0.20377602,0.21059762,0.21096300,0.21322900
0.18260483,0.18353362,0.18645290,0.19107647,0.19270073
0.16921875,0.18882297,0.18984698,0.19111124,0.19505140
0.08586334,0.09645699,0.09823681,0.10054660,0.10056464
0.08644870,0.10214224,0.11237045,0.11490233,0.12001637
0.16511497,0.16876873,0.17267646,0.18254663,0.18332715
0.07739852,0.08340692,0.09223831,0.09629682,0.09714399
0.12961930,0.13395025,0.14688641,0.15062834,0.15523928
0.12337110,0.12384877,0.12503444,0.12828861,0.12983173
0.17249227,0.18525936,0.18677714,0.18840425,0.18841326
0.21254773,0.22419597,0.22755721,0.22899222,0.23635346
0.14985317,0.15120350,0.15982701,0.16239753,0.16702214
0.15121247,0.17517260,0.17583771,0.19211651,0.19724585
0.16927846,0.17534986,0.18454789,0.18822411,0.19306742
0.17990693,0.18403609,0.19793971,0.19850780,0.20610979
0.12613159,0.14060232,0.14819652,0.15073636,0.15179434
0.16314889,0.16597851,0.18637858,0.18738322,0.18805408
0.11096465,0.11756048,0.11956116,0.13086754,0.13203430
0.17439222,0.17758511,0.17906950,0.18074322,0.18643725
0.18520156,0.19005482,0.23220447,0.23226348,0.23755737
0.15746628,0.15746628,0.16797446,0.16893029,0.17530760
0.11797050,0.12202505,0.12468915,0.13160221,0.13415486
0.19493650,0.20770615,0.22168851,0.22636472,0.22794697
0.22944406,0.22951946,0.23135141,0.23696923,0.23791124
0.19513382,0.22112678,0.22432993,0.22591117,0.22605965
0.16267386,0.16270980,0.16826759,0.16854449,0.16895805
0.16753331,0.16878988,0.17879841,0.17907619,0.18086535
0.14664580,0.14902848,0.15384334,0.15432574,0.15522864
0.18336236,0.18899609,0.19144326,0.20012191,0.20037118
0.17392439,0.18274824,0.18326461,0.18448706,0.19387111
0.20778120,0.21409038,0.21723884,0.22582617,0.22807421
0.09613995,0.10393687,0.11110550,0.11307900,0.11330125
0.17586142,0.18309662,0.19070409,0.19116148,0.19340615
0.20502283,0.22228470,0.22504300,0.22584277,0.22730619
0.20605823,0.20832945,0.21032585,0.21069621,0.21125570
0.13195916,0.14055245,0.15500261,0.15594611,0.16019461
0.13893117,0.14796045,0.15866627,0.16251621,0.16526969
0.15971154,0.16708827,0.17821886,0.17886487,0.17940849
0.16299011,0.16466084,0.17551428,0.17929852,0.18075471
0.22523436,0.22700922,0.23512016,0.23797345,0.24400881
0.11863920,0.14769645,0.16481675,0.18116960,0.18733549
0.17437761,0.19256791,0.19535230,0.19890487,0.20345373
0.17966574,0.19094001,0.19618051,0.19941595,0.20433912
0.15468188,0.15954158,0.16248433,0.16392004,0.16476457
0.16673157,0.18465224,0.18507282,0.18935135,0.19861799
0.17778793,0.18910652,0.18973289,0.19008863,0.19078922
0.21614677,0.22080947,0.22897391,0.23915169,0.24041881
0.08381110,0.08936297,0.10116751,0.11687336,0.11938753
0.20259187,0.20517766,0.21025403,0.21183102,0.22014943
0.19810918,0.20834902,0.21654780,0.21966094,0.22198598
0.17403926,0.17697045,0.19473839,0.19654202,0.20028573
0.19888644,0.20228736,0.20792177,0.21640049,0.21669053
0.15572725,0.17803255,0.19634148,0.20218909,0.20793442
0.17274433,0.17338337,0.17730752,0.18084358,0.18698150
0.18169732,0.18546750,0.19089000,0.19439755,0.19544852
0.14073813,0.14544553,0.14813837,0.15319479,0.15625693
0.13625070,0.15410605,0.15830787,0.15995751,0.16039410
0.10867879,0.11321262,0.11430223,0.11486742,0.12461184
0.13484253,0.15238787,0.15450591,0.15565053,0.16800033
0.17102961,0.17518823,0.17690131,0.18122093,0.18139732
0.13386139,0.15099354,0.15647624,0.15928216,0.16081417
0.12143721,0.13844797,0.15098646,0.15223230,0.15810212
0.09952804,0.10749419,0.11418684,0.11654320,0.11881494
0.17404149,0.18081579,0.18332875,0.18400142,0.18641321
0.19462077,0.20295027,0.20636533,0.20925885,0.22329600
0.20037287,0.21104969,0.21839808,0.21927142,0.22489452
0.20679764,0.20736869,0.20804302,0.20808133,0.20877147
0.19590436,0.19917552,0.20170920,0.20464291,0.20865913
0.04336073,0.09067228,0.10301460,0.15446863,0.17361361
-0.00000009,0.08386037,0.10303575,0.10440461,0.12667483
0.16616900,0.17157026,0.17492746,0.17744562,0.18147087
0.14421089,0.14839014,0.15191761,0.15401769,0.15424311
0.15633973,0.17582981,0.17685492,0.17841919,0.18249515
0.09281355,0.11199108,0.11517309,0.11574253,0.11792012
0.11234777,0.11453617,0.11711741,0.12132687,0.12167083
-0.00000037,0.02615050,0.03665429,0.04119898,0.04388576
0.11886366,0.12854746,0.14069405,0.14652322,0.14818415
0.10050163,0.11379448,0.12656793,0.13233468,0.13815874
0.16106157,0.16588116,0.17033067,0.17407338,0.18014674
0.12485383,0.13243073,0.13800439,0.15436000,0.16386031
0.13275717,0.13354850,0.13381386,0.13494965,0.13841106
0.20760337,0.21523961,0.23157078,0.23226082,0.23253393
0.04938398,0.07917743,0.08297145,0.08690471,0.08881553
0.06400912,0.09662867,0.09860539,0.10489597,0.10777737
0.03921510,0.04710665,0.05284660,0.05713860,0.05842309
0.04503968,0.06088333,0.06600515,0.07769036,0.08656275
0.21488300,0.21981673,0.22635423,0.23684798,0.24662326
0.05582901,0.05695213,0.05910324,0.05945338,0.06994820
0.15646105,0.19839856,0.20318784,0.20540816,0.20859599
0.18548617,0.20593692,0.21981512,0.22304775,0.22714677
0.19214736,0.20395419,0.21209863,0.21232307,0.21296187
0.12577131,0.12640974,0.12774041,0.13166529,0.13329862
0.17360236,0.17459534,0.17583662,0.17630063,0.17743388
0.12395877,0.13688655,0.14266917,0.14641134,0.14833324
0.12437977,0.13455412,0.15120953,0.15271889,0.16357064
0.20587224,0.21156186,0.21443300,0.21496668,0.21858278
0.14030410,0.15351573,0.16085295,0.16155422,0.16417384
0.07923898,0.09321575,0.09420480,0.09819560,0.10286418
0.15145564,0.15205030,0.16938208,0.17879358,0.18115486
0.21961732,0.22455826,0.22507909,0.22804777,0.23032385
0.10308625,0.10308625,0.10680163,0.11579118,0.12017076
0.15568709,0.15822716,0.17088431,0.18421018,0.19508380
0.10523943,0.10989150,0.11132179,0.11331592,0.11583549
0.23014605,0.23960945,0.24435492,0.24762964,0.24833100
0.11780933,0.12145340,0.12212530,0.12258214,0.12981713
0.09494156,0.09629922,0.09950256,0.10679083,0.11253955
0.09601599,0.09915894,0.10722443,0.10816830,0.11009367
0.14555798,0.15039888,0.16376518,0.17355528,0.18140973
0.10453545,0.10657790,0.11159822,0.11481944,0.11761966
0.10228538,0.10712773,0.11200115,0.11521466,0.11725073
0.19419372,0.19985108,0.21690616,0.21837497,0.21946993
0.17144248,0.17511800,0.17637993,0.17666830,0.18257207
0.15214565,0.15294304,0.16881017,0.17729832,0.17881152
0.10906316,0.12874718,0.13299976,0.13843250,0.14335227
0.18300647,0.18912017,0.19246385,0.20031962,0.20266853
