0.08179251,0.08792584,0.09321143,0.10041935,0.10487308
0.13801265,0.13957958,0.14482291,0.14559892,0.14857709
0.14950268,0.15950969,0.16199318,0.16212879,0.16250719
0.04815408,0.05534882,0.07978990,0.08246615,0.08475263
0.10773692,0.11302090,0.13726138,0.14198905,0.14566240
0.18142866,0.18665420,0.19144948,0.19778194,0.20304218
0.13400196,0.13591112,0.13622880,0.13938913,0.14595380
0.14450602,0.16712867,0.17776728,0.17822580,0.18397459
0.17980400,0.19660810,0.19712442,0.22437477,0.22826986
0.20515457,0.20515457,0.21169475,0.21231166,0.21837510
0.13562267,0.13900125,0.14527015,0.14996946,0.15013282
0.04683013,0.04683013,0.04905929,0.05369204,0.05546881
0.07506290,0.07934575,0.08302072,0.08370021,0.08646530
0.13068596,0.14073415,0.15467887,0.15820588,0.16364095
0.20919722,0.21031912,0.21442343,0.22980532,0.23185083
0.14144199,0.14798078,0.15134513,0.15257989,0.15359634
0.12882906,0.15317111,0.15504064,0.15567826,0.15720889
0.16906767,0.17827830,0.18060745,0.20207694,0.21732210
0.08261535,0.09062315,0.10405836,0.10600087,0.12124465
0.09355241,0.09355241,0.10133392,0.12154833,0.12499452
0.16761047,0.16988955,0.17223746,0.17505728,0.17759325
0.21631019,0.21756111,0.22563265,0.22610384,0.22863275
0.19285472,0.19811679,0.19917420,0.20218070,0.20435403
0.12065071,0.12608616,0.12840843,0.13388661,0.13429636
0.11965833,0.12357537,0.12760778,0.13258940,0.13291052
0.11563332,0.13436440,0.15227956,0.15359825,0.15804228
0.17553729,0.19720033,0.19787885,0.20336986,0.20782536
0.09689101,0.10423549,0.10807738,0.11282238,0.12676814
0.10112865,0.11390318,0.11570179,0.12270620,0.12339000
0.10048995,0.11088620,0.12251173,0.12296661,0.12569538
0.11919608,0.13999154,0.14764114,0.15354730,0.16050488
0.14732637,0.15641795,0.16255760,0.17381650,0.17669831
0.17498060,0.18887557,0.18895034,0.19851743,0.20734070
0.15112256,0.16027652,0.16440028,0.16590717,0.16596709
0.10963628,0.13575698,0.14145793,0.14445125,0.14964578
0.14859526,0.15066756,0.15113522,0.15290537,0.15330835
0.14660329,0.16245724,0.17033829,0.17076263,0.17352441
0.18450974,0.20333682,0.21211630,0.21343887,0.21370901
0.20292640,0.22094512,0.22719339,0.22719339,0.22751674
0.17510173,0.18085176,0.18156245,0.18186982,0.18433779
0.19609500,0.19989859,0.20479988,0.20570073,0.21471161
0.17835769,0.18805136,0.19814104,0.19831155,0.20461421
0.19780821,0.19837454,0.20074852,0.20136502,0.20196974
0.12388644,0.13694264,0.14441040,0.15227006,0.15918905
0.17436093,0.17578003,0.19702691,0.19854125,0.19929753
0.06420967,0.06938535,0.07094635,0.07266131,0.07293665
0.14813629,0.16920170,0.17169066,0.17226024,0.17988777
0.12328785,0.13466677,0.13497420,0.13832180,0.14405295
0.10545457,0.12014990,0.12515330,0.12610397,0.13185173
0.13686369,0.15713006,0.15721379,0.15814120,0.16114184
0.18085778,0.18872526,0.20277423,0.20473579,0.20553294
0.14188248,0.14291635,0.14753160,0.15061738,0.15742625
0.16067503,0.16521941,0.17312723,0.17747995,0.18134961
0.14265391,0.14487639,0.15991178,0.16099142,0.16490078
0.20612808,0.21587509,0.21844509,0.21994404,0.22283563
0.21371232,0.21436174,0.21628410,0.22145620,0.22540337
0.25161183,0.25713727,0.25898865,0.26590613,0.27020997
0.20147344,0.20930083,0.21128432,0.22020678,0.22954431
0.14466198,0.14493574,0.14747903,0.15535440,0.15954292
0.09987473,0.13086571,0.15507825,0.15904912,0.15917861
0.14823283,0.16557363,0.16703379,0.16785029,0.17269203
0.18169303,0.18950219,0.19016519,0.19786872,0.20409255
0.23568116,0.23947468,0.24203949,0.24666196,0.24899599
0.14998408,0.15400045,0.17937766,0.19499558,0.19515094
0.19448712,0.19761758,0.20116501,0.20166469,0.21142112
0.16777417,0.17921068,0.17936572,0.18011324,0.18161105
0.14989968,0.17546903,0.18669848,0.19143657,0.19335350
0.19908808,0.22190054,0.22196563,0.22723733,0.22879358
0.05771976,0.06587923,0.07327437,0.07527155,0.07527968
0.05388897,0.05783217,0.05968559,0.06063980,0.06238715
0.09045291,0.09812095,0.09974587,0.10216260,0.10423395
0.15718853,0.16146369,0.16971448,0.17862773,0.18094622
0.06221652,0.11575168,0.12738284,0.12885825,0.12923475
-0.00000031,0.12729546,0.15693000,0.16252862,0.16526616
0.18962716,0.19338539,0.19382496,0.19480143,0.19563913
0.11096738,0.11451817,0.13265014,0.13805851,0.13919516
0.16994295,0.17310601,0.18045723,0.18957520,0.19203548
0.15534401,0.15545294,0.15703997,0.16229397,0.16610980
0.14863403,0.15395162,0.15559758,0.16185555,0.16310240
0.08315364,0.08592765,0.08713171,0.08729908,0.09145188
0.07742009,0.07759066,0.08045008,0.08158082,0.08234303
0.09066083,0.09510348,0.09823929,0.10546554,0.10586403
0.11221217,0.11653422,0.11723776,0.11796381,0.11864122
0.14196761,0.14690584,0.14820267,0.15303299,0.16036031
0.15497431,0.16084307,0.16246289,0.17243370,0.17350619
0.10708543,0.11656538,0.11687365,0.12744208,0.12800056
0.11756784,0.12200644,0.12224940,0.13954571,0.14271443
0.10249395,0.10485712,0.11232374,0.11716921,0.11763771
0.10343342,0.10402154,0.10640232,0.11421977,0.11600821
0.12580310,0.14181268,0.14290217,0.14822938,0.15168414
0.17755628,0.18056518,0.18093488,0.18097854,0.18099199
0.14959602,0.15662089,0.16164018,0.17324439,0.17475237
0.17082494,0.19943756,0.20027144,0.20147809,0.20343213
0.17983067,0.18065006,0.18106787,0.18212683,0.18213013
0.18505543,0.18770331,0.19251359,0.19277830,0.19466098
0.13460496,0.17210905,0.18573619,0.19956471,0.20071448
0.18350995,0.18659303,0.19489327,0.20194265,0.20512913
0.15232038,0.15387589,0.16608424,0.17230798,0.17384741
0.12963356,0.13218439,0.13247618,0.13666411,0.13949345
0.07378297,0.08426966,0.09065682,0.09224173,0.09488514
0.12094063,0.13291244,0.13467684,0.13522881,0.13579653
0.11904459,0.12302144,0.12994908,0.13234434,0.13683859
0.21953171,0.22714595,0.23006426,0.23032522,0.23047855
0.04468185,0.05180637,0.05255806,0.05585045,0.05742309
0.04162011,0.04605394,0.05370792,0.05613453,0.05615988
0.10883910,0.11540326,0.11794173,0.12504561,0.12588374
0.09735606,0.10831053,0.11436080,0.11613768,0.11679386
0.11870177,0.13521652,0.13546267,0.13715015,0.13996229
0.11474867,0.13368443,0.13705103,0.14028800,0.14066599
0.08652054,0.10960639,0.11796953,0.11828294,0.11830532
0.11792748,0.12882516,0.13104379,0.13192341,0.13538882
0.12666065,0.13323922,0.13627768,0.13649571,0.14043991
0.12401681,0.12669247,0.13445584,0.13713756,0.14169578
0.15794581,0.17368959,0.17656283,0.17659831,0.18144976
0.10712506,0.11295091,0.11548139,0.11909419,0.12622948
0.12892631,0.13422881,0.14066125,0.14365867,0.14391184
0.14001407,0.14562294,0.14716005,0.14846908,0.15126331
0.10230720,0.10582133,0.11354037,0.12301088,0.12360805
0.15571570,0.17938685,0.18078589,0.18143848,0.18555468
0.07770422,0.07824613,0.08033279,0.08202034,0.08217834
0.11416065,0.13669693,0.13796417,0.15274934,0.15740575
0.14263682,0.15144137,0.16032206,0.16131954,0.16427968
0.15461706,0.15999579,0.16379878,0.16541260,0.16638672
0.00000002,0.05626677,0.08857574,0.09120410,0.10992348
0.14857429,0.16536789,0.17098089,0.17431796,0.18276399
0.14643915,0.14687286,0.14979076,0.15201040,0.15345155
0.02742375,0.07820608,0.09490150,0.09639577,0.09902138
-0.00000025,0.08146628,0.08218704,0.08244537,0.08382347
0.17714578,0.17714578,0.20344871,0.21075675,0.21422783
0.19292401,0.19610015,0.19919489,0.19937101,0.20121729
0.21026608,0.22566931,0.22659010,0.22664054,0.22839667
0.21362562,0.21968481,0.22031279,0.22221166,0.22323725
0.21106949,0.21407203,0.21731830,0.22294118,0.22710271
0.22415295,0.22739561,0.23662513,0.24238136,0.24286267
0.15489247,0.16090822,0.16366941,0.17920564,0.18055485
0.18853308,0.20287465,0.20397118,0.20516741,0.20530070
0.22516160,0.24132963,0.24354418,0.24644692,0.25383446
0.10441312,0.13601063,0.13758308,0.14242247,0.14284667
0.20823014,0.22066848,0.22497116,0.22508915,0.22805367
0.19715945,0.20762479,0.21289149,0.21534821,0.22125250
0.14603041,0.14747022,0.15136164,0.16984734,0.17127539
0.13094783,0.13306186,0.15256825,0.15429386,0.15776904
0.10720517,0.11455562,0.11575516,0.11634932,0.11770751
0.11692740,0.11729038,0.11953111,0.12314600,0.12364535
0.15023753,0.15849261,0.15957254,0.16027103,0.16262959
0.16652939,0.16881947,0.19735022,0.20230250,0.20447116
0.17916405,0.17967746,0.18707606,0.18921283,0.19182578
0.19862658,0.20926197,0.20951937,0.21068269,0.21534324
0.22157104,0.22244306,0.22792722,0.22873528,0.22909909
0.21728373,0.21736422,0.24260131,0.25231871,0.25482905
0.17629421,0.17904061,0.17949572,0.18136528,0.18200584
0.17806026,0.19170289,0.19296245,0.20844589,0.22278376
0.02906242,0.03220481,0.03267512,0.03929403,0.04256370
0.00000015,0.02563312,0.02695279,0.02908281,0.02970759
0.20520756,0.21465161,0.21912359,0.21982330,0.22416724
0.12127371,0.12585926,0.13093577,0.13725814,0.13793150
0.06189150,0.12404941,0.12568420,0.14345980,0.15510716
0.14534973,0.15006919,0.15035659,0.15567183,0.15830037
0.15626714,0.20056042,0.20104823,0.20309533,0.20410578
0.15659945,0.16240129,0.17253736,0.17970455,0.18186720
0.21188608,0.22160257,0.22356060,0.23381820,0.23393606
0.20543811,0.21735923,0.21829449,0.21841703,0.22688393
0.13932683,0.16479145,0.16686526,0.17071483,0.17122626
0.16484320,0.17541556,0.18115881,0.18360327,0.18919928
0.16654243,0.17650039,0.17846864,0.18366976,0.18487707
0.15961187,0.16309246,0.17904647,0.18509057,0.18517251
0.16976486,0.17234023,0.17385308,0.17482713,0.18092218
0.12483480,0.14286590,0.14510822,0.14711970,0.15026598
0.15479220,0.15837580,0.16009760,0.16548318,0.16784163
0.10359813,0.11983933,0.12491897,0.12614270,0.12986089
0.10180999,0.10388441,0.10611609,0.11233595,0.11790726
0.18948931,0.19056387,0.19940312,0.20485708,0.20570499
0.19243856,0.20255324,0.20589960,0.20833226,0.21601786
0.18751918,0.20465571,0.20557299,0.21176064,0.21291190
0.09119061,0.11207139,0.11283699,0.11602878,0.11843487
0.13708556,0.15246232,0.15670976,0.15747146,0.15925241
0.13071004,0.14282680,0.14666700,0.15687086,0.15751430
0.15454467,0.18739145,0.19706427,0.20073195,0.20869318
-0.00000028,0.07467265,0.11987252,0.13824973,0.14589831
0.16156383,0.16792092,0.17710474,0.17853253,0.18097521
0.10937668,0.13757090,0.14026572,0.14216708,0.14292611
0.18091276,0.18383162,0.18646179,0.18792802,0.19389622
0.13401742,0.13762306,0.15444016,0.15582801,0.16539592
0.15508710,0.15804441,0.16550636,0.17222294,0.17276990
0.21734077,0.22124450,0.23218796,0.24130595,0.24310434
0.12571485,0.13143818,0.14737612,0.14756255,0.14812368
0.13883597,0.14604923,0.15107435,0.15131979,0.15222396
0.18713912,0.19116788,0.20777930,0.20901340,0.21895185
0.09850475,0.10510977,0.10971002,0.11077438,0.11438051
0.14522676,0.19408663,0.19715238,0.19795761,0.20015012
0.21582152,0.25025484,0.25745097,0.26174280,0.26261786
0.17704378,0.19468446,0.19819239,0.20659576,0.20689291
-0.00000042,0.03197625,0.03987060,0.04954875,0.05213540
0.17326571,0.17333989,0.17758296,0.18916716,0.19217776
0.14320052,0.15590605,0.15661412,0.17541839,0.17544380
0.14638333,0.17865977,0.18994422,0.19014370,0.19266754
0.17462048,0.17794105,0.19773901,0.19992882,0.20351274
0.17450754,0.17723486,0.18440728,0.18740638,0.19076729
0.01789245,0.04481396,0.04518343,0.04591668,0.04672150
0.04180920,0.06404434,0.06984730,0.07542228,0.07709476
0.00000030,0.05836845,0.05929936,0.06071670,0.06862215
0.15345839,0.16759773,0.19480544,0.19764128,0.20775007
0.18964078,0.19364499,0.19561602,0.19621046,0.20363818
0.14916541,0.15711854,0.16064006,0.16165523,0.16235130
0.02801414,0.06664282,0.07414930,0.07474057,0.07725350
0.18741782,0.20420949,0.22339360,0.22581869,0.22601621
0.24058607,0.24467775,0.24606793,0.24606793,0.24643475
0.13947070,0.14268118,0.16525021,0.16960509,0.17106196
0.19476676,0.19746704,0.20357709,0.20592484,0.20786947
0.19273797,0.21727723,0.22590967,0.23048133,0.23749745
0.22631897,0.23107789,0.23697232,0.24114195,0.24274714
0.11477151,0.13652417,0.14860697,0.14892329,0.15356179
0.04050858,0.06512478,0.07132713,0.07979537,0.08450835
-0.00000044,0.05383797,0.06470433,0.06746350,0.08169445
0.03626473,0.04118554,0.04317368,0.04903074,0.05503766
0.03766450,0.04014103,0.04054286,0.04200486,0.04215357
0.03938339,0.04028217,0.04229469,0.04243623,0.04377375
0.16875699,0.17167135,0.17335324,0.17625217,0.18851772
0.12755246,0.15647218,0.17000744,0.17435496,0.17813477
0.16941197,0.17191209,0.17545158,0.18359971,0.19728380
0.16773283,0.17369539,0.17423552,0.17474055,0.18179122
0.17960462,0.18191332,0.18285428,0.19673429,0.19951904
0.15105695,0.16448738,0.17933948,0.18662238,0.19116819
0.18285803,0.19450608,0.19732539,0.19752175,0.19887792
0.16160932,0.18025243,0.18059607,0.19327435,0.19780131
0.15987059,0.16009615,0.16927400,0.17140236,0.17204729
0.09206452,0.09362447,0.09478940,0.10057978,0.10788187
0.13017358,0.13757659,0.15118219,0.15347689,0.16698812
0.19429536,0.20132609,0.20219295,0.20700967,0.20740974
0.14510927,0.14562526,0.15073904,0.15163024,0.15443946
0.12138606,0.14180149,0.14691547,0.15374354,0.15920176
0.20973630,0.23751079,0.24052429,0.24482015,0.24482027
0.22206835,0.22282714,0.22889245,0.22892438,0.22969094
0.21311790,0.21444660,0.21849445,0.22389975,0.22400063
0.22029671,0.22959809,0.23450102,0.23508784,0.23889066
0.00000013,0.03401948,0.04491267,0.05079513,0.06753527
0.12776935,0.20409510,0.21808535,0.22057973,0.23779844
0.18744007,0.18923956,0.19983968,0.20329526,0.20517088
0.18482743,0.19697735,0.19752514,0.20345074,0.20561136
0.10174429,0.12259538,0.12364174,0.12522599,0.12758358
0.12102303,0.13649964,0.15767100,0.16258289,0.16285820
0.11875091,0.12107816,0.13693057,0.16822030,0.17092033
0.12930930,0.15734430,0.16210906,0.17407444,0.17663421
0.18412295,0.18499003,0.18726023,0.19020218,0.19157001
0.18464503,0.18538280,0.18660221,0.18676122,0.19002856
0.17177346,0.18080202,0.18753983,0.19157116,0.19766787
0.19269069,0.21412775,0.21442178,0.21673381,0.21837169
0.17862603,0.18641900,0.18938185,0.18939760,0.19107458
0.16080028,0.17036386,0.18265656,0.20386134,0.20911263
-0.00000009,0.08724216,0.09263880,0.09894285,0.10521930
0.06857026,0.06871554,0.07522997,0.07652006,0.07848506
0.16024998,0.16095111,0.16797821,0.17050239,0.17808084
0.08453187,0.10360529,0.11236439,0.12420662,0.12632357
0.16754830,0.17233606,0.17697585,0.17754631,0.18084444
0.17889950,0.18029444,0.18372864,0.18939063,0.19215645
0.15732215,0.16355379,0.16978540,0.17266637,0.17391497
0.16947284,0.17021362,0.17104207,0.17587431,0.17815179
0.16456178,0.17090786,0.18427373,0.18642588,0.18905780
0.13472298,0.13485333,0.13820438,0.16304086,0.17087951
0.14063446,0.15364170,0.15730934,0.16223375,0.16415331
0.21782012,0.22039653,0.22134237,0.22410232,0.22690423
0.18511572,0.19897355,0.19989611,0.20047542,0.20077556
0.16140348,0.16331476,0.16675851,0.16894500,0.16933392
0.11801685,0.12053956,0.12774442,0.13103770,0.13427849
0.17424427,0.17567636,0.17765120,0.18065815,0.18241590
0.19328724,0.19416326,0.19435933,0.20408796,0.21001531
0.19831823,0.21100526,0.21383764,0.22877857,0.23023944
0.17204738,0.17707071,0.18122663,0.18642576,0.19330084
0.23002303,0.23453017,0.23638277,0.24032678,0.24345362
0.03213017,0.06744545,0.09264502,0.14976308,0.15632169
0.17852278,0.18663065,0.18847167,0.18899333,0.20072544
-0.00000034,0.20384398,0.20800585,0.21276560,0.21492636
0.17828284,0.18642144,0.19279632,0.19477278,0.20007768
0.13853154,0.15558244,0.15560107,0.16177787,0.16299725
0.12408903,0.13752799,0.14102314,0.14572585,0.14756113
0.21573123,0.22029728,0.22503160,0.22745158,0.22833082
0.12232680,0.14846534,0.15196191,0.15315013,0.15768832
0.13570964,0.17851239,0.17852005,0.18211761,0.18472588
0.17255329,0.17419194,0.19345371,0.19815800,0.20052356
0.16242552,0.17627083,0.18034339,0.18227480,0.18894461
0.02953864,0.04529086,0.05229800,0.05324744,0.05343376
0.06356261,0.06631656,0.07088079,0.07120606,0.07536428
0.12098776,0.12594596,0.12624034,0.13263224,0.13762823
0.16474798,0.18141025,0.18877244,0.19013825,0.19058132
0.12640376,0.12834270,0.13688947,0.13839225,0.13902223
0.10454304,0.11079185,0.12915748,0.14628437,0.14985208
0.15241423,0.15407541,0.18130954,0.20406331,0.21025592
0.00000014,0.06327169,0.07009202,0.07331696,0.07956052
0.17799845,0.18584660,0.18836801,0.18861564,0.18907349
0.20138738,0.20556398,0.20768939,0.20860192,0.20975438
0.17730598,0.18601027,0.19752629,0.20809205,0.21134815
0.16864000,0.17250592,0.18355370,0.18451768,0.18524027
0.13420536,0.16252415,0.16504554,0.16935387,0.16981556
0.09887859,0.13091728,0.17356989,0.17506076,0.18807495
0.13735285,0.13958287,0.14418595,0.14642003,0.14910042
0.11475505,0.12856890,0.12993029,0.13133061,0.13351572
0.11821195,0.13527355,0.13801290,0.14293543,0.16501763
0.10237670,0.12487489,0.12604833,0.13041349,0.13798136
0.08289862,0.08831078,0.09467571,0.09925615,0.10251656
0.15050586,0.15208577,0.15787679,0.15991183,0.17112766
0.13731232,0.13960995,0.15470497,0.15775311,0.16476996
0.12054009,0.12721083,0.12797827,0.13150264,0.13901119
0.16165262,0.20408358,0.20503044,0.20507817,0.20527586
0.08264420,0.12231982,0.12264518,0.12894759,0.13314472
0.14687511,0.16198175,0.17237015,0.17384459,0.18244030
0.21409118,0.21689869,0.21745354,0.21770053,0.21797286
0.13335726,0.14774556,0.14813319,0.15318447,0.15578035
0.20862643,0.21428823,0.21782987,0.21828544,0.21860617
0.10431156,0.10493159,0.10757793,0.11072803,0.12949164
0.19811378,0.20864752,0.21631832,0.21877597,0.21969850
0.18770216,0.18946637,0.19458199,0.19489831,0.19717567
0.15856224,0.17888767,0.19002631,0.19303878,0.19476268
0.14027177,0.14615154,0.15987174,0.16516797,0.18066087
0.15718354,0.17355885,0.19822185,0.20257890,0.20396258
0.20225760,0.21777524,0.21980011,0.22195739,0.23049229
0.09172837,0.09297280,0.10827284,0.10943417,0.11162206
0.00000026,0.06583115,0.09333460,0.09884759,0.13263448
-0.00000022,0.10615020,0.11061886,0.11133675,0.13263448
0.16585022,0.18754333,0.18891425,0.19493815,0.19797622
0.08250496,0.09146203,0.09497295,0.09551466,0.09554234
0.21622533,0.21773951,0.23132710,0.23138043,0.23205109
0.19771001,0.21296099,0.21667741,0.22049898,0.22124675
0.19627489,0.20580527,0.20885278,0.21336584,0.21659119
0.15761152,0.17850685,0.17957623,0.18473803,0.18722497
0.04463875,0.06892895,0.07424162,0.07934799,0.08198440
0.17626441,0.19400385,0.19686569,0.19886619,0.19893174
0.10430837,0.11240364,0.11593035,0.11627653,0.11684510
0.05820297,0.06398889,0.08697640,0.08853497,0.09361801
0.11723770,0.11955380,0.12028958,0.12277731,0.12410310
0.08132680,0.09424669,0.10287584,0.10405847,0.10572919
0.17762513,0.18206352,0.18604538,0.19494468,0.19791840
0.18626027,0.18942453,0.19791931,0.19979370,0.20711367
0.05055092,0.05812914,0.05874237,0.06088214,0.06247362
0.11407257,0.11407257,0.12476200,0.13051848,0.15418938
0.09439381,0.10002193,0.11754261,0.12523904,0.13560310
-0.00000037,-0.00000037,0.08505901,0.10015564,0.10370307
0.06806740,0.07145096,0.07248411,0.07915711,0.08014064
0.05679243,0.06732626,0.07087372,0.07204048,0.07786815
0.17648269,0.17722850,0.18280452,0.18316929,0.19199075
0.12545422,0.12852544,0.13048296,0.13182236,0.13630299
0.14812461,0.16403653,0.16979198,0.17771876,0.17926165
0.13607405,0.14583836,0.15963899,0.16719928,0.17011286
0.14730574,0.16082975,0.16386703,0.17553386,0.17788655
0.19739062,0.19908194,0.20086072,0.20440376,0.20453154
0.19192816,0.19359116,0.20117307,0.20253892,0.20286618
0.05849738,0.14859709,0.14995684,0.15061682,0.15470347
0.18958707,0.19056897,0.19310248,0.19782931,0.20030123
0.08801261,0.11382578,0.12770835,0.13372338,0.13560243
0.14071630,0.14919290,0.14955573,0.15330727,0.15474342
0.18786785,0.19098274,0.19277957,0.19421647,0.19581087
0.22852159,0.23846848,0.24017194,0.24322054,0.24406995
0.15260719,0.17119074,0.17855006,0.18391980,0.18804415
0.11817483,0.12027349,0.13675629,0.13914353,0.14241348
0.19650543,0.19656081,0.19819982,0.20823421,0.20925644
0.16768715,0.18562576,0.18712547,0.18900710,0.19268472
0.09699260,0.14200391,0.14313753,0.16391928,0.16643232
0.00000060,0.09381030,0.09959678,0.11804243,0.12162943
0.14367853,0.15468746,0.15552124,0.15805183,0.16095032
0.17959726,0.19822945,0.19871318,0.20202486,0.20496494
0.08024184,0.08360800,0.08480815,0.09006312,0.09069822
0.13001858,0.14685938,0.14753354,0.15067799,0.15199189
0.12697643,0.12714684,0.12897024,0.12920882,0.13224918
0.20891240,0.23044443,0.23802321,0.23878241,0.24207410
0.21934636,0.23553249,0.24047793,0.24618299,0.24632750
0.14057745,0.14114319,0.17489451,0.17753775,0.17842209
0.17154579,0.17746188,0.18313609,0.18545797,0.18583490
0.19580103,0.19823456,0.21363886,0.21834986,0.21925354
0.22024526,0.23618421,0.24075136,0.24850297,0.25558579
0.16796644,0.16853340,0.17205217,0.17469366,0.17740934
0.12645805,0.13556522,0.13708043,0.14394869,0.14675818
0.15236177,0.15314643,0.15686372,0.15696509,0.16247046
0.11782199,0.12149844,0.12214570,0.12686239,0.12722728
0.15164714,0.15793818,0.16062763,0.16074277,0.16362093
0.16548507,0.17463823,0.18064484,0.18194176,0.18358617
0.11972675,0.12507322,0.12642452,0.12788230,0.13045904
0.15743311,0.17668551,0.17678522,0.18291733,0.18617037
0.18784949,0.19963807,0.20055501,0.20730753,0.20767412
0.13167898,0.14882785,0.15031715,0.15158223,0.15534256
0.18865009,0.19658487,0.20342049,0.21038060,0.21093678
0.16490865,0.16791441,0.16905099,0.16962279,0.17039788
0.17559129,0.18081582,0.18663394,0.18917353,0.19106391
0.19531435,0.19761224,0.20706689,0.21149246,0.21203929
0.12177892,0.13437693,0.13593975,0.13831411,0.14020440
0.09785699,0.09928153,0.11650272,0.11852252,0.11973672
0.09237969,0.11043359,0.11748298,0.11755958,0.11815415
0.17948173,0.18529451,0.18689549,0.18919560,0.18947999
0.22863600,0.23191185,0.23381191,0.23578012,0.23885392
0.24399406,0.25407112,0.25443810,0.26658955,0.27527323
-0.00000019,0.04666106,0.06279476,0.15517864,0.16153930
0.21670967,0.21729903,0.21749118,0.22434129,0.22741114
0.20163909,0.20609817,0.20732045,0.21767655,0.22363232
0.20499687,0.20891848,0.21051130,0.21222924,0.21570852
0.12898415,0.13805978,0.16505410,0.17070729,0.18208086
0.19503707,0.19574516,0.20755155,0.20897987,0.20930436
0.22340070,0.22906533,0.23227218,0.23517473,0.23739985
0.20837893,0.21116403,0.21413659,0.21510127,0.21556318
0.19470209,0.20471779,0.20588858,0.20789285,0.20834209
0.07955620,0.11857992,0.12339644,0.12535849,0.12593412
0.14115155,0.16805521,0.17374805,0.18311572,0.18461078
0.15501332,0.15884200,0.16908105,0.17320730,0.17438556
0.10613426,0.10949500,0.11036189,0.11536421,0.11809620
0.08706616,0.11415074,0.15061742,0.16062005,0.18392061
0.18606319,0.18922468,0.19597197,0.20691992,0.20771798
0.12219056,0.14033236,0.16011071,0.16971907,0.17173570
0.16684802,0.18272316,0.18413471,0.18757659,0.18960708
0.16511631,0.17083877,0.17527170,0.17693764,0.17762578
0.24695259,0.26320347,0.26467046,0.27051717,0.27108330
0.17529176,0.19282489,0.19566892,0.20179160,0.20745099
0.14093362,0.15680650,0.16451256,0.16782451,0.17339349
0.21932521,0.22126110,0.22256832,0.22668028,0.22924532
0.04788139,0.07022301,0.07410219,0.07458916,0.07607602
0.17709076,0.17903818,0.18856721,0.19143891,0.19418025
0.23327747,0.23341547,0.23492616,0.23629402,0.24325612
0.10963826,0.11519852,0.13150671,0.13924757,0.14100540
0.11319445,0.12572034,0.14557365,0.15736306,0.15897490
0.13689178,0.16476804,0.16568257,0.16960664,0.18021090
0.13774025,0.14712530,0.15320101,0.15423205,0.15761951
0.16559114,0.19284515,0.19614421,0.19905148,0.19946127
0.16049637,0.18931165,0.20507994,0.20574354,0.20664607
0.13173948,0.13577327,0.14749727,0.14944737,0.15463762
0.08185094,0.08185094,0.08319025,0.08409188,0.10238013
0.00000003,0.05355610,0.05415309,0.05932140,0.06733860
-0.00000015,0.05415309,0.06672376,0.06908680,0.08854391
0.17401943,0.17405494,0.17595284,0.17787659,0.18351977
-0.00000009,0.05441312,0.08196889,0.08394755,0.08478570
0.10820525,0.12668735,0.13357897,0.14077358,0.14103305
0.19364227,0.20380890,0.20801663,0.21973623,0.22315139
0.12079129,0.14598989,0.17425387,0.18431118,0.19080117
0.14550944,0.17846772,0.17886531,0.18211091,0.18650594
0.21027607,0.21273153,0.21396995,0.21750009,0.21761304
0.15124765,0.15554830,0.15840486,0.16010307,0.17021345
-0.00000052,0.08126971,0.08131466,0.09310037,0.10475970
0.10057469,0.10421825,0.11493522,0.11559109,0.11717450
0.11237939,0.12080889,0.14916170,0.14949790,0.15024185
0.07969678,0.08509288,0.09066602,0.10097076,0.10567290
0.11459731,0.13179716,0.13567527,0.13875377,0.14583272
0.14253296,0.14433658,0.14618692,0.14756651,0.14938448
0.15568061,0.17021678,0.18584178,0.18637834,0.18866579
0.13113412,0.13367657,0.13789257,0.16180922,0.16506867
0.19239241,0.20980527,0.21199925,0.21292342,0.21419019
0.15479797,0.15966830,0.16041778,0.17049983,0.17162009
0.15805227,0.16496484,0.16852564,0.17136486,0.17353740
0.16391556,0.16566858,0.17103097,0.17903228,0.18325113
0.20902917,0.23305333,0.23435307,0.23523249,0.23625770
0.05618026,0.05618026,0.08757458,0.09351602,0.09415306
0.20263597,0.21536750,0.21658646,0.21935816,0.22300927
0.14422061,0.15433379,0.16699480,0.17225331,0.17400233
0.17503403,0.17578402,0.18263860,0.18463893,0.18725047
0.03979516,0.04113793,0.04474873,0.04511225,0.04543951
0.08386031,0.09909027,0.10614826,0.12464584,0.12516625
0.14164497,0.15568557,0.15790632,0.16190958,0.16755320
0.12432551,0.12824185,0.13304882,0.13756676,0.14497100
0.21098846,0.22467029,0.23011813,0.23416962,0.23615810
0.22937240,0.23993553,0.24079522,0.24311955,0.24390997
0.19501682,0.19714399,0.19774716,0.19947238,0.20599493
0.14509273,0.15190154,0.15680487,0.15717816,0.15839043
0.11921784,0.13367616,0.13543059,0.14181840,0.14339152
0.14260766,0.14773366,0.15034418,0.15758002,0.16224408
0.15785396,0.17697892,0.17811266,0.18117677,0.18340106
0.19197388,0.20489539,0.21054968,0.21176478,0.21581417
0.07411407,0.09139764,0.12107839,0.12175898,0.12968005
0.13388105,0.14028446,0.14710209,0.14936890,0.15504885
0.12568071,0.15285912,0.15492259,0.15648040,0.16280571
0.04829983,0.06655528,0.07106323,0.08617257,0.10060447
0.04940921,0.06789394,0.06989662,0.07193896,0.07857378
0.13989629,0.16052848,0.16770245,0.17352669,0.18413474
0.14191391,0.15486072,0.15497521,0.15663441,0.15687837
0.10174606,0.10194919,0.11258726,0.11613417,0.11857534
0.08882828,0.09316917,0.11368925,0.12231467,0.13056162
0.10225390,0.12107423,0.13062769,0.13245013,0.13775674
0.21208590,0.21964264,0.22730681,0.22897041,0.23193397
-0.00000062,0.02749096,0.06571769,0.06571769,0.07538805
0.00000053,0.02749096,0.06294464,0.06294464,0.06833259
0.04900429,0.05869668,0.05869668,0.06064230,0.06137747
0.05642027,0.06403117,0.06424128,0.06430511,0.06430511
0.04918248,0.06696362,0.06696362,0.06714841,0.07048115
0.04706486,0.06657486,0.06657486,0.06808322,0.06808322
0.16408134,0.16554444,0.17408594,0.17462574,0.17776203
0.16239184,0.18694577,0.18700416,0.18744215,0.18818872
0.12184177,0.13103271,0.14361681,0.14667654,0.14706150
0.17797172,0.19796106,0.20863028,0.21472509,0.21544880
0.18027574,0.18129000,0.18407963,0.18659922,0.18897641
0.09194854,0.14436981,0.14521918,0.14621356,0.14661312
0.15488584,0.15859121,0.16919352,0.18432188,0.18905479
0.10198019,0.10505693,0.10634366,0.11094272,0.11180580
0.10870013,0.11454395,0.11535068,0.11553802,0.13175781
0.15526301,0.16160172,0.17311502,0.17723657,0.17860530
0.18131007,0.19616504,0.20022303,0.20458469,0.20487903
0.20892379,0.21613899,0.21941113,0.22568832,0.22869585
0.16660650,0.16676123,0.16739509,0.17338827,0.17428681
0.12158161,0.18234557,0.18299288,0.18476404,0.18626797
0.17147222,0.18027151,0.18068065,0.18717077,0.18890287
0.00000023,0.09029505,0.09550597,0.09563959,0.09982704
-0.00000010,0.09005821,0.11139090,0.12130646,0.13245735
0.16240133,0.18139693,0.18456303,0.18463406,0.18857512
0.15684029,0.15757161,0.17514901,0.17747030,0.17828429
0.13898510,0.17007375,0.18357605,0.18586029,0.19621828
0.12422052,0.16220249,0.17074350,0.17177983,0.17694823
0.10908814,0.11540965,0.11895812,0.12553339,0.12918539
0.00000024,0.11673680,0.11918750,0.11918750,0.12445250
-0.00000075,0.14362362,0.14773884,0.17606330,0.19123057
-0.00000009,0.11643656,0.13013463,0.13013463,0.13088031
0.08251122,0.11313886,0.11315995,0.11315995,0.11552832
0.19290496,0.19616397,0.19691497,0.20488821,0.20645039
0.15867250,0.17815155,0.18174075,0.18959253,0.19435281
0.14412870,0.15195115,0.15508077,0.15559457,0.15943177
0.15540147,0.15912111,0.16426022,0.16595669,0.16899613
0.11890315,0.13004372,0.13938373,0.14027376,0.15082952
0.12896231,0.13857825,0.13976327,0.15091598,0.15376066
0.13032451,0.13879332,0.15939189,0.15966977,0.16072454
0.14615467,0.15295240,0.16106114,0.17425175,0.17552984
0.14214861,0.14560980,0.14792179,0.15442999,0.16076533
0.13217656,0.14465481,0.14884911,0.15038241,0.15578887
0.14407304,0.14837238,0.14903571,0.15670526,0.16147682
0.14748622,0.15626639,0.15703624,0.15720449,0.15963091
0.22049600,0.22390971,0.22766928,0.22794458,0.23039028
0.23081283,0.23806982,0.25695059,0.25725028,0.25832257
0.10316710,0.10553809,0.11184047,0.11464563,0.11488500
0.12499624,0.20214035,0.20797954,0.21241617,0.21689478
0.10646651,0.11882309,0.12016571,0.12996906,0.13053840
0.12541783,0.13094623,0.15337363,0.15443785,0.15488049
0.15612808,0.16594245,0.16731690,0.16862358,0.16982849
0.13261917,0.14855489,0.14964019,0.15079749,0.15329151
0.08819026,0.09986913,0.10129878,0.10559466,0.11127292
0.14532636,0.14593913,0.15082771,0.15636553,0.15902926
0.00000035,0.17633298,0.18254267,0.18601745,0.19241372
0.21003814,0.21064338,0.21540943,0.22144091,0.22361000
0.15479590,0.16152734,0.16326293,0.16571391,0.16572699
0.14911082,0.16483164,0.18073814,0.18776774,0.19299263
0.15845276,0.15845276,0.17052335,0.17090955,0.17126094
0.14093672,0.14390372,0.14556581,0.15350223,0.15469094
0.13214111,0.13239108,0.13912402,0.14005959,0.14340152
0.19062383,0.20070542,0.20596318,0.20605363,0.20901589
0.17215721,0.17461698,0.18842107,0.19222215,0.19480608
0.09000865,0.09271934,0.10826543,0.11550884,0.11888849
0.00000001,0.10481923,0.11257838,0.11439189,0.13571012
0.08321586,0.09278208,0.09366456,0.10088573,0.10331383
0.07105085,0.08182365,0.08401696,0.08594006,0.08668302
0.08901826,0.09676690,0.09723657,0.09968727,0.10093409
0.07695459,0.08143608,0.08674598,0.08900454,0.08992813
0.08314846,0.09536032,0.10715266,0.10808053,0.10913982
0.11654474,0.11723500,0.12400822,0.13857199,0.13881665
0.06246409,0.06371975,0.07141587,0.07797509,0.08081201
0.14364700,0.14652811,0.14830846,0.15339957,0.15531163
0.14466301,0.14554071,0.14897005,0.15220632,0.15464845
0.15071817,0.15603361,0.15956903,0.16040568,0.16068748
0.14029622,0.14443724,0.15150467,0.15292019,0.15504035
0.06063208,0.06574926,0.07467097,0.07692128,0.07844431
0.08072547,0.08093186,0.08547973,0.08988667,0.10162007
0.10473158,0.10947056,0.10998531,0.11893363,0.13014588
0.07882050,0.09382378,0.10182378,0.10340573,0.10420889
0.14263721,0.15236706,0.15532847,0.15841278,0.16318589
0.15829623,0.17002749,0.17293423,0.19013377,0.19201818
0.20383160,0.20384747,0.20944250,0.21450195,0.21765690
0.15387128,0.17036894,0.17989758,0.18500029,0.18884903
0.15355699,0.15962923,0.16391245,0.17045966,0.17157438
0.15459985,0.20408419,0.21201855,0.21630803,0.22067401
0.12460142,0.13980716,0.14073044,0.14160612,0.14806433
0.17986058,0.18622586,0.18826476,0.20490128,0.20817311
0.07709232,0.07908914,0.09950588,0.10677940,0.10966271
0.10145994,0.12619950,0.13288452,0.13575904,0.13577574
0.14203562,0.14261155,0.14300787,0.14662591,0.14670256
0.11364965,0.11601087,0.12941669,0.13927974,0.14318956
0.17559917,0.18281971,0.18819925,0.18968242,0.19339803
0.14555164,0.14898296,0.15871012,0.16397160,0.16802566
0.20730577,0.21848719,0.22968102,0.24178350,0.25178269
0.14121635,0.14537169,0.15071169,0.16440496,0.16637242
0.16384640,0.18395808,0.18541488,0.19219835,0.19285704
0.17713366,0.17758028,0.17872182,0.18930723,0.18984780
0.13101964,0.14027360,0.14494294,0.14567091,0.14940929
0.15434116,0.15720126,0.16193238,0.16755496,0.16875809
0.16303618,0.16967405,0.17329326,0.18058279,0.18113604
0.18361852,0.18890116,0.20045672,0.21007769,0.22404817
0.19711575,0.20548201,0.21641141,0.21731472,0.22746398
0.13780157,0.15913737,0.16344297,0.16815135,0.17210115
0.11769159,0.13128918,0.13914348,0.15223622,0.15651819
-0.00000053,0.13010417,0.13863109,0.14419501,0.14744654
-0.00000078,0.17902289,0.18115860,0.18962665,0.19216359
0.16083871,0.16448885,0.17668565,0.18170050,0.18220304
0.16091725,0.17664903,0.17899092,0.18521541,0.18591379
0.19315122,0.20013528,0.20343415,0.20496142,0.20980068
0.16211680,0.18176292,0.18971713,0.19608156,0.19909388
0.15942091,0.16202199,0.16719078,0.16944496,0.18640168
0.12461379,0.14478377,0.17647508,0.17904375,0.18189535
0.11055870,0.12522478,0.12614238,0.12932861,0.13818499
0.10321577,0.10500766,0.14351389,0.14487638,0.14756483
0.07802479,0.13515206,0.13566528,0.13897479,0.13946737
0.06408400,0.11435566,0.12133840,0.12617342,0.13066609
0.14877287,0.16563199,0.17295405,0.17410234,0.18119203
0.14222884,0.14570704,0.15829581,0.16047694,0.16346192
0.12919068,0.14328498,0.16114178,0.16130960,0.16260369
0.13441084,0.13524799,0.14258459,0.14970778,0.15073146
0.21251123,0.22014932,0.22369348,0.22429307,0.22667962
0.11207722,0.12106030,0.14098246,0.15247439,0.15605532
0.12551568,0.12651160,0.13388716,0.13873498,0.14301635
0.17411657,0.17742161,0.18314092,0.18449301,0.19102606
0.18929791,0.19268712,0.19548894,0.19942957,0.19989932
0.08028518,0.08081986,0.08181681,0.08363517,0.08616772
0.07756815,0.07936358,0.07939747,0.08072954,0.08347362
0.08076277,0.08458242,0.08498622,0.08517677,0.08548483
0.11474097,0.11656344,0.11808423,0.11812237,0.11862340
0.13568382,0.15398726,0.16303891,0.16743946,0.16792746
0.10933086,0.12745859,0.13928264,0.13946614,0.13957900
0.21299064,0.21849948,0.22066033,0.22139527,0.22288407
0.18674518,0.23388024,0.24226332,0.24677426,0.25015244
0.19388540,0.19495539,0.19762531,0.20175470,0.20200904
0.10249448,0.10298287,0.10668000,0.11064558,0.11106586
0.25105056,0.25443003,0.26297307,0.26403171,0.26435450
0.16033691,0.17663500,0.17729791,0.18142965,0.18636878
0.13423064,0.14641827,0.14815003,0.15052472,0.15330982
-0.00000037,0.06471997,0.07275994,0.07780968,0.08387667
0.11607940,0.11848485,0.14282587,0.14337510,0.14944634
0.12373514,0.12551154,0.13034558,0.13224570,0.13612960
0.18061176,0.18716240,0.18961455,0.19011936,0.19592987
0.11265166,0.14130145,0.14329161,0.15110865,0.15727411
0.15060554,0.15807751,0.17043272,0.18036795,0.18663794
0.15778419,0.16412766,0.16716504,0.16740230,0.17287163
0.12997010,0.14010121,0.15367074,0.15615340,0.15914428
0.16578270,0.18018642,0.18873930,0.18926033,0.19053735
0.22096536,0.22501019,0.22597642,0.23797189,0.23902167
0.21029636,0.21672870,0.22904502,0.23925769,0.24039984
0.22556260,0.23419906,0.23787877,0.24094352,0.24333706
0.14450432,0.14787030,0.15159845,0.17008910,0.17263304
0.17843337,0.18348616,0.18856451,0.19111848,0.19432330
0.18685110,0.20089637,0.20656633,0.21131109,0.21364862
0.19289301,0.20339487,0.20713431,0.20999967,0.21215765
0.20001167,0.20599920,0.20821880,0.20922108,0.21063316
0.20609528,0.20707686,0.21018842,0.21391939,0.21398179
0.17549419,0.17785336,0.19751191,0.20035021,0.20185180
0.17294629,0.18187830,0.18282621,0.18332851,0.18425199
0.16879924,0.17243689,0.20383970,0.20832726,0.20935036
0.20151164,0.21049266,0.21193691,0.22084443,0.22088493
0.17036502,0.18743625,0.19293150,0.19901024,0.19981311
0.10842131,0.11172079,0.11672248,0.11745118,0.11875547
0.21740809,0.22314809,0.23499431,0.24290977,0.24453437
0.22260861,0.23679689,0.24382928,0.25264686,0.25742444
0.21371076,0.22660822,0.23219110,0.23286971,0.23835106
0.16705446,0.16932088,0.17659844,0.18675664,0.19606456
0.16080710,0.16699699,0.18006587,0.18229757,0.18796560
0.12108275,0.12408740,0.12791421,0.13109228,0.13318214
0.09762663,0.10175891,0.11118869,0.11353425,0.11386269
0.14805232,0.15560959,0.16140391,0.16574956,0.16695152
0.18945213,0.19347249,0.19363692,0.19387592,0.19794720
0.13716166,0.13850024,0.15111631,0.15510774,0.15553294
0.12999608,0.14208478,0.14843836,0.17010368,0.17108746
0.10974269,0.13053426,0.13127753,0.16793655,0.18186392
0.21584691,0.21699893,0.21817201,0.21992108,0.22000688
0.14313982,0.14675105,0.14792296,0.15362197,0.16061556
0.19828974,0.21129960,0.21213873,0.22308652,0.22593494
0.18123500,0.19675450,0.20477900,0.20802756,0.21026237
0.13126712,0.13702913,0.13902178,0.14657535,0.15354784
0.16764948,0.16898221,0.17077297,0.17760596,0.18171167
0.21078333,0.21313263,0.21999401,0.22025079,0.22660770
0.21386601,0.22643392,0.22745828,0.23002008,0.23045243
0.09192076,0.10892704,0.13200837,0.13715857,0.13865626
-0.00000009,0.10158933,0.15720205,0.16104996,0.17743129
-0.00000011,0.10158933,0.14163138,0.14446700,0.15415105
0.05494648,0.11553174,0.11890059,0.15025663,0.15614851
0.11217377,0.15279573,0.20491824,0.20942284,0.20960976
0.06578918,0.07677377,0.12361599,0.14707077,0.16132499
0.06524879,0.10209677,0.12076131,0.15790953,0.16563636
0.15747333,0.18512508,0.19056210,0.19137031,0.19966832
0.26217186,0.26599526,0.26813009,0.27765366,0.27811658
0.18643439,0.18759666,0.19065382,0.19469693,0.19484308
0.21741682,0.21806093,0.22001494,0.22071880,0.22104833
0.22910509,0.23105231,0.23560616,0.23563901,0.23815745
0.10852823,0.11472422,0.11993228,0.12684871,0.13161084
0.15332603,0.16641688,0.18440293,0.18656124,0.18669492
0.00000025,0.09552535,0.13133870,0.15800099,0.19894350
0.20190004,0.20753761,0.21266922,0.21455449,0.21758188
0.21200120,0.21528873,0.22013593,0.22322352,0.22378787
0.18067677,0.18412359,0.19051622,0.19338001,0.19360033
0.11318108,0.12543498,0.12565082,0.12641071,0.13572267
0.17244412,0.18020509,0.18449964,0.18893676,0.19009937
0.16108987,0.16593781,0.16740768,0.17092878,0.17604518
0.17001073,0.17188045,0.18032284,0.18163079,0.18296804
0.14334367,0.16725233,0.16808015,0.17386869,0.17507219
0.21807839,0.22471675,0.23173134,0.23269376,0.23340017
0.06778982,0.07379168,0.08127765,0.08127765,0.08182274
0.14542305,0.16681387,0.17391400,0.18165608,0.18518710
0.12836264,0.13158511,0.13277796,0.13851306,0.14042974
0.21029896,0.22754754,0.22882514,0.23327576,0.23440081
0.15235749,0.15332925,0.15682897,0.15873148,0.16137873
0.07867453,0.09448028,0.09590716,0.10045253,0.10475241
0.13100587,0.20779289,0.21812916,0.21839181,0.22673149
0.12255446,0.13797323,0.14093505,0.14436227,0.14494818
0.12872094,0.13398051,0.13433746,0.14348222,0.14548169
0.08817227,0.10447951,0.11498562,0.11513328,0.12192526
0.20188616,0.22573645,0.22586472,0.22686377,0.22716679
0.19271925,0.19938338,0.20191424,0.20893425,0.21452072
0.10026674,0.10026674,0.10438972,0.10963830,0.11668720
0.18897186,0.19720809,0.20245740,0.21208327,0.21265611
0.09547225,0.17680298,0.18784189,0.19495855,0.20192443
0.17559585,0.18045312,0.18577218,0.18635452,0.18867059
0.11882281,0.12555431,0.13034624,0.13433915,0.13747442
0.15457654,0.15880394,0.15951960,0.16021694,0.16058958
0.19547649,0.19724275,0.19845109,0.20249271,0.21430461
0.00000008,0.07835197,0.08224813,0.09217550,0.10432626
0.06584839,0.07339834,0.08562575,0.10935850,0.11238181
0.12622693,0.12622693,0.14943020,0.15399958,0.15433440
0.15428007,0.16577846,0.16641109,0.16646068,0.16820121
0.19798695,0.19963515,0.20202404,0.21567294,0.21577698
0.15912071,0.16310042,0.16687724,0.16695446,0.17085169
0.18424428,0.18687168,0.19426715,0.19764344,0.20151943
0.15258414,0.17218333,0.17710531,0.18109584,0.18194313
0.00000008,0.09565513,0.13117987,0.13981883,0.14002576
0.10704909,0.12754115,0.13544936,0.13575239,0.13809049
0.16575481,0.17161338,0.17538726,0.17747864,0.18098313
0.00000022,0.09096256,0.11912720,0.13715094,0.13871171
0.15505925,0.18236445,0.19220501,0.19683607,0.19829221
0.15259197,0.16508824,0.17028837,0.18200706,0.18996868
0.05916532,0.15791412,0.16002499,0.16129018,0.17406529
0.00000049,0.17425744,0.18166336,0.19130924,0.19349845
0.16668759,0.17177659,0.17177659,0.19138201,0.19188213
0.15512560,0.15589494,0.15712531,0.16458189,0.17170376
0.15133740,0.16607404,0.18193753,0.18253691,0.19204634
0.10084030,0.12617998,0.12887181,0.13215883,0.14446881
0.20338185,0.22461867,0.22690110,0.22745305,0.22957289
0.17320170,0.17626058,0.18136410,0.18254730,0.18445145
0.18990524,0.19391029,0.19443274,0.20328875,0.20421658
0.17834517,0.19046628,0.19548798,0.19651167,0.19674253
0.20905823,0.21198303,0.21456295,0.21480757,0.21519715
0.11654963,0.12545449,0.13673553,0.13902323,0.14319214
0.16588905,0.17032650,0.17519517,0.17856121,0.18104494
0.12128247,0.13415743,0.13466927,0.13771981,0.14093058
0.14748916,0.14762208,0.15697603,0.16428861,0.16440621
0.15525527,0.15813927,0.16441984,0.17081730,0.17877665
0.16732031,0.17303093,0.17530578,0.18042420,0.18042420
0.19867507,0.19981761,0.21581474,0.21581474,0.21968634
0.15768220,0.17533417,0.17756571,0.18146048,0.18154128
0.10833046,0.13533457,0.14206433,0.15170775,0.16584113
0.10793161,0.11575387,0.13118806,0.13677764,0.14098671
0.08883313,0.08883313,0.09049173,0.11692273,0.11947884
0.22528508,0.22668381,0.23499158,0.23848173,0.23971042
0.19789293,0.21454668,0.21538198,0.21736814,0.21882750
0.06861494,0.11377554,0.11429890,0.15022269,0.15536113
0.14396970,0.15443949,0.16393986,0.16681662,0.17315367
0.20903201,0.21660891,0.22027315,0.22696726,0.22745484
-0.00000041,0.08860712,0.09233911,0.09856083,0.11074200
-0.00000026,0.08860712,0.09809869,0.10025600,0.10674329
0.17256999,0.17696129,0.17830980,0.17973103,0.18136364
0.10176860,0.12750652,0.15690245,0.15961564,0.16748908
0.11205658,0.13732071,0.13846271,0.16505042,0.16664070
0.14220877,0.14730325,0.15538669,0.15538669,0.15673685
0.19616154,0.19716015,0.19870743,0.19889441,0.20022993
0.16823739,0.18190451,0.18530464,0.18878551,0.18929072
0.19955406,0.23057094,0.23361832,0.23621377,0.24147628
0.15215188,0.15998715,0.16164555,0.16352952,0.16385396
0.14054504,0.14536719,0.14686812,0.14790821,0.15429477
0.10770915,0.11820412,0.11901568,0.12291428,0.12330476
0.15640381,0.16840008,0.17078577,0.17363773,0.17518026
0.21499792,0.21620813,0.22850625,0.23466490,0.23493508
0.19717927,0.20412467,0.21025287,0.21115491,0.21291424
0.20514652,0.21894027,0.21949828,0.22246964,0.22258639
0.18400289,0.18452528,0.19649318,0.19774845,0.19879387
0.23273507,0.24619664,0.24949247,0.25241888,0.25291488
0.16438174,0.18147454,0.19454317,0.19464549,0.19519742
0.14127395,0.14433873,0.14895672,0.15157743,0.15210646
0.23407863,0.23657136,0.23759851,0.23949152,0.24316260
0.17811561,0.19697103,0.20341510,0.21771997,0.21829423
0.22859406,0.24932566,0.25900367,0.26427126,0.26641318
0.11103491,0.14443083,0.15387525,0.15963078,0.16562143
0.15449011,0.16229004,0.17811267,0.18056859,0.18151237
0.08087519,0.19592491,0.20388858,0.20728637,0.20808974
0.14732757,0.15439811,0.15575445,0.15692137,0.16005448
0.17325470,0.17674558,0.18013375,0.18170470,0.18355289
0.07930381,0.09724371,0.13676782,0.14262214,0.15107937
0.17992669,0.18341957,0.18895999,0.19061403,0.20049918
0.16368991,0.17836383,0.18302968,0.18460779,0.18598980
0.15921986,0.16865081,0.18056247,0.18356293,0.18444921
0.10778908,0.10882539,0.10885172,0.11552075,0.11869982
0.11057702,0.11190753,0.12646429,0.14240816,0.15655032
0.08724721,0.08724721,0.08731211,0.09350950,0.09530741
0.19638968,0.20280984,0.20322138,0.21468754,0.22074507
0.14279282,0.15879475,0.15997601,0.16057746,0.16589238
0.07008051,0.09554117,0.10712346,0.10885675,0.11002770
0.11079037,0.11149340,0.12066899,0.12091261,0.12870187
0.11675949,0.13204260,0.13955444,0.15401809,0.15611494
0.11401270,0.11401270,0.11963823,0.12748152,0.13296208
0.15733758,0.16727842,0.17635286,0.17929375,0.18275066
0.13539688,0.14551279,0.14964288,0.15357243,0.15667237
0.00000031,0.10693739,0.11213183,0.11550913,0.11950243
-0.00000030,0.09781611,0.15473540,0.16037659,0.17366137
0.09411812,0.11478414,0.13330871,0.13693418,0.14173867
0.14716385,0.16811903,0.17679055,0.19454439,0.20315495
0.14576495,0.14703304,0.16258775,0.16958013,0.16958013
0.00000038,0.07778294,0.08560813,0.09396650,0.12504216
0.04092839,0.07177084,0.07950972,0.08961001,0.09565565
-0.00000025,0.07245505,0.08109996,0.08620471,0.09383659
0.11598001,0.12072691,0.12382536,0.12543339,0.13363123
0.11722778,0.13304488,0.13388105,0.13624643,0.14034924
0.19121110,0.19289348,0.19351533,0.20099756,0.20291537
0.20693319,0.22052763,0.22526225,0.23217963,0.24116866
0.12805678,0.13671531,0.14460568,0.16116880,0.16300544
0.00000001,0.10406942,0.17270117,0.17962408,0.18672490
0.15417916,0.16070101,0.16429843,0.16470158,0.17028393
0.12130698,0.12960292,0.14844102,0.15376179,0.15490980
0.19789135,0.20426519,0.21883737,0.22479132,0.22849849
0.15097815,0.15869087,0.17069942,0.17206958,0.17821941
0.00000054,0.13414527,0.13774702,0.14105764,0.14830939
0.16256662,0.16443981,0.17302957,0.17827798,0.18624176
0.20184603,0.20472595,0.20476976,0.20618826,0.22088122
0.12657551,0.18610434,0.18923032,0.18984188,0.19320595
0.17813776,0.20486605,0.21328773,0.21537586,0.21700473
0.12010200,0.12408514,0.13194029,0.13501656,0.14118728
0.09679108,0.11005220,0.12723078,0.14067896,0.14355651
0.13541310,0.15121546,0.16226523,0.16415629,0.16485894
0.15107591,0.16028269,0.17536783,0.17543718,0.17620790
0.12448087,0.17109865,0.18199088,0.18789227,0.19043656
0.06315106,0.10081327,0.17118520,0.17156938,0.17664376
0.09330612,0.15075067,0.16508539,0.16865167,0.17019460
0.09396204,0.10275842,0.10600243,0.11084598,0.11854696
0.23148659,0.24142338,0.24265896,0.24590687,0.24974012
0.14176047,0.14568718,0.14779541,0.15238982,0.16032161
0.15835194,0.17592128,0.18256760,0.18297380,0.18591620
0.13461934,0.17574042,0.17671016,0.17686453,0.17695910
0.19313858,0.19330744,0.19995640,0.20331496,0.20352440
0.17067675,0.18069299,0.19062881,0.19385448,0.19708058
0.18181638,0.19722445,0.20253636,0.21315315,0.21325527
0.12003972,0.13174412,0.13247994,0.14675124,0.15003793
-0.00000015,0.09368333,0.09538212,0.10627218,0.12142807
-0.00000023,0.04191631,0.05419125,0.11662646,0.12652543
0.14610673,0.15859318,0.16088000,0.16098453,0.16748190
0.16578022,0.16806774,0.17253391,0.17905292,0.17980640
0.17480142,0.18650763,0.19046853,0.19496340,0.19748184
0.16681549,0.16886340,0.17214683,0.17484573,0.17572761
0.06368429,0.07997130,0.08077792,0.08745830,0.08829971
0.19115764,0.19916239,0.20256202,0.20527789,0.21788083
0.12218981,0.13183194,0.14402282,0.14816880,0.15765931
0.16824760,0.19360285,0.19536646,0.19887275,0.20400438
0.17049582,0.18408877,0.18517679,0.18582858,0.19099323
0.21832079,0.21894343,0.22517675,0.22600803,0.22682248
0.16694808,0.16991323,0.17522331,0.17796616,0.18024623
0.14052065,0.14992037,0.16446668,0.16837922,0.17453374
0.11633755,0.16483197,0.20450380,0.20771877,0.20790695
0.14241359,0.15131417,0.15443605,0.15858752,0.16042766
0.07677901,0.08070999,0.08245568,0.08245568,0.09598154
0.10190557,0.10294106,0.10426592,0.10426592,0.10639826
0.04525917,0.06322208,0.06727343,0.06908733,0.06973064
0.04277155,0.04730179,0.04770288,0.05285300,0.05315118
0.07602912,0.08205251,0.08771118,0.09728026,0.10067229
0.07669801,0.09296034,0.09433518,0.10684864,0.11365736
0.10132217,0.10885334,0.10931756,0.11497116,0.12329038
0.06043869,0.06357560,0.07654008,0.07663510,0.07859920
0.18897566,0.20191732,0.20233682,0.20736116,0.20842899
0.17839576,0.19243896,0.19682008,0.20114113,0.20116936
0.17511947,0.18553302,0.19589743,0.19875531,0.19947195
0.18799707,0.20047420,0.20357735,0.20464271,0.21463822
0.20805494,0.22956851,0.22982526,0.23291202,0.23614565
0.18575446,0.19124843,0.19305544,0.19556266,0.19653983
0.13655391,0.14177944,0.14281680,0.14559110,0.15498699
0.07371817,0.08199061,0.12574068,0.13330641,0.14870521
0.11650558,0.12406474,0.13939145,0.14350624,0.15846738
0.17492896,0.17866403,0.19278920,0.20643796,0.20684606
0.14940245,0.15394765,0.17241214,0.17441668,0.18214658
0.14144023,0.14234990,0.14525224,0.14857179,0.15423338
0.09678376,0.09786327,0.10463949,0.10602833,0.10858509
0.12656666,0.12693234,0.14016263,0.14151260,0.14171894
0.15121055,0.15185013,0.15870559,0.16822638,0.17410666
0.16410145,0.18325853,0.18381709,0.19450586,0.19450586
0.14817952,0.16844817,0.17273891,0.17577231,0.17629325
0.10208304,0.10266260,0.11324582,0.11378210,0.12103917
0.13608351,0.16484505,0.16791975,0.17011245,0.17835602
0.02852076,0.04911521,0.06253979,0.07157945,0.08682979
0.14717743,0.15280718,0.15280718,0.16225849,0.16678843
0.23774835,0.23872328,0.23930968,0.24378110,0.24477607
0.16126502,0.16380103,0.18205781,0.18263409,0.18447703
0.14189501,0.14258237,0.14879920,0.15353633,0.16676778
0.16363575,0.17249237,0.17930143,0.18549673,0.18670920
0.05626681,0.07650637,0.08736298,0.09539925,0.09618773
0.20413440,0.20978120,0.21734844,0.21745189,0.21749489
0.15325841,0.16405107,0.17146145,0.17784421,0.17872369
0.15031360,0.15176691,0.15804593,0.16425055,0.16906439
0.15084034,0.15441282,0.15897667,0.15995662,0.16001059
0.12100304,0.14343059,0.15446565,0.15726706,0.15851215
0.12514462,0.12984800,0.13041714,0.13932513,0.14377086
0.15341564,0.15405037,0.16079442,0.16222398,0.17594774
0.14621153,0.15731218,0.16116601,0.16265351,0.17104095
0.13316986,0.14090461,0.15758391,0.15909544,0.16414350
0.11137237,0.12259038,0.12774393,0.13266845,0.13356106
0.09191348,0.10699470,0.10738805,0.11022856,0.11677493
0.05932819,0.16329430,0.16345716,0.17723513,0.17808220
0.07525596,0.15718879,0.16718960,0.17854628,0.18236469
0.17884485,0.19553509,0.21715645,0.22357182,0.23117116
0.13140048,0.14183100,0.14370263,0.14632952,0.14904748
0.21850646,0.23383942,0.23626214,0.23801538,0.23845258
0.15980797,0.16531970,0.16697991,0.16967292,0.17691855
0.17826656,0.17939430,0.18144391,0.19346662,0.19381319
0.17139314,0.17580879,0.18562111,0.18855307,0.19640563
0.05680000,0.07873682,0.08238021,0.08544353,0.09436994
0.16267073,0.17703873,0.17818868,0.17873548,0.18211469
0.12881254,0.13374425,0.13435677,0.13874273,0.14091940
0.12420860,0.13009922,0.13161251,0.13584517,0.13789113
0.14443164,0.16184287,0.16184287,0.16746035,0.17614056
0.16354021,0.16644004,0.16644004,0.17190510,0.18084373
0.17894077,0.19512235,0.19705379,0.19715862,0.19715862
0.18842398,0.19179773,0.20736703,0.21034431,0.21123207
0.15177140,0.16645372,0.16993321,0.17245987,0.17260113
0.14161904,0.14316843,0.14938866,0.16218460,0.16281213
0.18358628,0.18806447,0.18997531,0.19248506,0.19519147
0.20459381,0.22248232,0.23335987,0.23693793,0.23788860
0.15278986,0.16086921,0.16428967,0.16900450,0.17308697
0.14571169,0.14785805,0.14912976,0.14979425,0.15086335
0.23967069,0.24287879,0.24413058,0.24894080,0.24907625
0.14957634,0.15485890,0.15958573,0.16002393,0.16144821
0.15919276,0.16498101,0.17216283,0.17696741,0.18022524
0.15694602,0.16347791,0.16480562,0.16764882,0.16823334
0.16701816,0.17632057,0.18451989,0.18589485,0.19017233
0.15574817,0.17376815,0.17653540,0.17868552,0.18790780
0.17158970,0.18908995,0.20057538,0.21256177,0.21855624
0.24308351,0.24608141,0.25440165,0.26012346,0.26491114
0.20925394,0.21571226,0.21895488,0.21906784,0.22213431
0.19342953,0.19678646,0.20840439,0.21305403,0.21574301
0.16668418,0.17566621,0.17668447,0.18216884,0.18575302
0.15569814,0.15692751,0.17852511,0.18157147,0.18331274
0.13072386,0.13614598,0.14841576,0.16670403,0.16883180
0.12742972,0.14421587,0.14581679,0.14924182,0.15060511
0.20731120,0.20983019,0.21122006,0.21262206,0.22718211
0.18924040,0.19327846,0.19531329,0.19533607,0.19645709
0.13303185,0.13474889,0.15298474,0.15931118,0.15967371
0.21243067,0.22570622,0.22607504,0.22857782,0.23477799
0.21331768,0.21619077,0.21731141,0.21815054,0.22013612
0.19240290,0.20231178,0.20882434,0.21054220,0.21272787
0.17546900,0.19279702,0.20421347,0.21074575,0.21327682
0.17753111,0.18260965,0.18783994,0.18975265,0.20298910
0.22144878,0.22922711,0.23143573,0.23502532,0.24082714
0.15793379,0.17099752,0.17517029,0.17620160,0.18008907
0.21020631,0.21386100,0.22614112,0.23315322,0.23390701
0.19991526,0.20454487,0.20521572,0.20690654,0.21119060
0.03220717,0.04608799,0.04999607,0.05111516,0.05839241
0.04552935,0.05330845,0.05664369,0.05901983,0.05997453
0.04458115,0.04971027,0.05512112,0.05571867,0.05839589
0.04923576,0.05873758,0.05977502,0.06216781,0.06435605
0.04303069,0.04976664,0.05560075,0.05724449,0.06029950
0.19697475,0.20444016,0.20821522,0.22255106,0.22397681
0.18253493,0.18579280,0.18766767,0.20188744,0.20248930
0.08352866,0.08493169,0.08729912,0.09806682,0.10150939
0.15223025,0.16299744,0.16752172,0.17388821,0.17476390
0.20405601,0.21461079,0.22190589,0.23617806,0.23707005
0.17399880,0.17883535,0.18217799,0.18313551,0.18369973
0.16292076,0.16789284,0.16807948,0.17609295,0.17840634
0.21798444,0.21880609,0.21944353,0.22044748,0.22110420
-0.00000037,0.08351009,0.09144476,0.13596776,0.14038397
0.00000062,0.14038397,0.14870930,0.15952295,0.20652881
0.11286256,0.11794256,0.12561415,0.15283009,0.16760597
0.19263901,0.21277252,0.22171302,0.22721444,0.23571961
0.21202244,0.22491628,0.22793879,0.22836818,0.22998361
0.19502033,0.20567763,0.20798177,0.21061042,0.22352344
0.19367041,0.21347471,0.21619819,0.21744013,0.21753478
0.20032789,0.20702907,0.20830566,0.20881873,0.21459374
0.14231567,0.14788960,0.17217423,0.17532523,0.17664453
0.13204873,0.15040849,0.15180127,0.15387864,0.16315438
0.07160252,0.08075583,0.09214454,0.09831268,0.09941921
0.06823698,0.08147633,0.08686642,0.09206171,0.09481723
0.14212365,0.14887843,0.15734787,0.15932733,0.16169822
0.23768046,0.23926213,0.23968831,0.24008110,0.24121563
0.18034890,0.18653756,0.19183518,0.19332403,0.19409263
0.16464989,0.16568193,0.16844001,0.17584544,0.17749909
0.20431378,0.21247126,0.21283163,0.21400961,0.21738736
0.20332469,0.20994735,0.21756713,0.23942189,0.24067004
0.18255654,0.19105105,0.19313379,0.19389367,0.20154990
0.16377555,0.17590606,0.17972593,0.18690756,0.19154510
0.19935644,0.21506219,0.21522994,0.22235964,0.22258781
0.22971427,0.23525278,0.23611552,0.24096601,0.24147156
0.20297758,0.20971718,0.21430206,0.21785617,0.22036016
0.19657196,0.19657196,0.20051299,0.20840634,0.21095604
0.06272802,0.06829549,0.08082187,0.08130735,0.08597936
0.07276555,0.07496420,0.07988226,0.07990354,0.08246619
0.05603855,0.05736241,0.05840982,0.05986067,0.06500508
0.08169445,0.08970661,0.09508166,0.09551201,0.09763848
0.13405915,0.16145298,0.16470602,0.17654434,0.18514943
0.16933459,0.19782713,0.20388734,0.20509169,0.20695925
0.09013994,0.09677349,0.09801617,0.10962670,0.11034375
0.10177435,0.10633173,0.10860341,0.10927177,0.10990825
0.13359167,0.16541995,0.17325133,0.17562540,0.17712748
0.16381080,0.17839575,0.17963077,0.18225700,0.18553029
0.11485131,0.12078179,0.12264496,0.12278819,0.12766677
0.11648732,0.12277184,0.12647998,0.12726340,0.12838903
0.17310584,0.19777273,0.19948514,0.21199760,0.21268430
0.13766354,0.14550957,0.14947449,0.15699854,0.16073540
0.09968272,0.10645796,0.11276466,0.11998230,0.13020568
0.16006136,0.16126116,0.16277419,0.17389672,0.17536862
0.18072818,0.19218090,0.19722480,0.19942097,0.20694765
0.17455003,0.21056744,0.21177295,0.21732187,0.21934827
0.18966143,0.20781578,0.21992020,0.22012481,0.22494490
0.17330308,0.17646554,0.17758498,0.18588431,0.18865180
0.17350206,0.18173587,0.19494332,0.19769381,0.20872016
0.20930259,0.22020367,0.22569302,0.22904386,0.23212764
0.17142811,0.18755749,0.19106688,0.19747964,0.20210887
0.17785211,0.17811443,0.18205100,0.18527521,0.18541934
0.23433428,0.24803162,0.25162727,0.25237656,0.25321907
0.16099954,0.16565034,0.17869981,0.18414776,0.19742580
0.17924221,0.18258895,0.18367989,0.18461372,0.18523178
0.18456109,0.18696515,0.19702226,0.20146509,0.20547056
0.19040737,0.20543408,0.21013452,0.21380484,0.21454982
-0.00000056,0.13336155,0.18104249,0.19518583,0.19721171
0.17534094,0.18713652,0.19189109,0.19378074,0.19504154
0.20922047,0.21714348,0.22527111,0.22561458,0.22671762
0.20687386,0.20692146,0.21233192,0.21238306,0.21449268
-0.00000008,0.17806718,0.18847674,0.19788569,0.20186815
0.19460861,0.20383219,0.21611963,0.21682984,0.22171405
0.00000013,0.08215509,0.09358934,0.09358934,0.11118349
0.00000045,0.09898901,0.12691332,0.14827010,0.15888457
0.08658230,0.09038842,0.11506457,0.11627493,0.11694534
0.19995925,0.21855985,0.22183760,0.23391062,0.23838794
0.11137447,0.11217579,0.11302665,0.11394576,0.11562188
0.16869694,0.18312185,0.18397118,0.18950327,0.19003560
0.19973817,0.20539469,0.20855018,0.20994262,0.21412729
0.12433912,0.14050411,0.14259438,0.14565535,0.14737214
0.04058703,0.13146091,0.13506040,0.13731892,0.14295265
-0.00000057,0.05259493,0.05864889,0.07464249,0.07731872
0.22267634,0.22972031,0.23439004,0.23636644,0.23712650
0.20739724,0.21734686,0.21800387,0.22009073,0.22104731
0.19126545,0.19850622,0.20243229,0.20619175,0.21105787
0.18843707,0.19412127,0.19628124,0.19635907,0.20019525
0.20361185,0.21245176,0.21572953,0.22406301,0.22414632
0.23046830,0.23284583,0.23390065,0.23437971,0.23729242
0.11941978,0.12800011,0.14141686,0.15567935,0.15596491
0.10727927,0.12388733,0.13834646,0.14414437,0.14822723
0.10186955,0.10826010,0.10961107,0.11937527,0.14988823
0.09841368,0.10773618,0.10896218,0.12494265,0.13506430
-0.00000035,0.04565834,0.04997885,0.07277604,0.09608467
0.20414789,0.20537351,0.23309079,0.24085133,0.24359310
0.13350126,0.13547584,0.14548478,0.14783967,0.14978142
0.13557939,0.14343196,0.14402080,0.14661849,0.14862132
0.12414394,0.12528418,0.12716933,0.12932612,0.13039571
0.17854840,0.18247566,0.18516698,0.18604812,0.18606067
0.15517409,0.17307092,0.20558435,0.20578496,0.21295188
0.15293130,0.15965019,0.16113448,0.16143951,0.16190736
0.24504997,0.25020561,0.25714716,0.26226574,0.26347259
0.11012109,0.11434372,0.11917712,0.11936764,0.12858459
0.10337278,0.10805628,0.11080563,0.13001892,0.13048822
0.20631965,0.20896414,0.21104273,0.21378703,0.21499930
0.22078560,0.22310396,0.22535454,0.22862564,0.23202436
0.16337261,0.16849567,0.16857052,0.18280406,0.18619762
0.13708693,0.15571764,0.16753849,0.16782549,0.16820821
0.18085290,0.18619215,0.18874380,0.18940076,0.18946585
0.20285733,0.20537074,0.21242401,0.21461999,0.21601079
0.00000004,0.04471426,0.05045942,0.05792831,0.05963551
0.18836567,0.19240427,0.19894496,0.20184311,0.20570080
0.17676714,0.17792800,0.18051170,0.18060854,0.18576095
0.08212233,0.09750352,0.11320531,0.12091387,0.12300151
0.06232259,0.08501564,0.11001937,0.11182238,0.11488394
0.15920343,0.16896342,0.16964246,0.17282137,0.17717680
0.15723035,0.17134431,0.18014403,0.18542746,0.18589377
0.11139437,0.11171892,0.11248056,0.11278559,0.11420873
0.05246801,0.05688428,0.06013755,0.06096882,0.06370211
0.09344216,0.10051119,0.10508935,0.10835725,0.10891771
0.16746393,0.17214875,0.17296202,0.17766526,0.17972910
0.18587649,0.18832739,0.19120203,0.19461705,0.19497076
0.13668527,0.13670549,0.13913324,0.15475713,0.15731761
-0.00000001,0.09630666,0.10978809,0.11211386,0.13169666
0.14806888,0.16098718,0.17292781,0.17797324,0.17800978
0.18698055,0.22458297,0.22660905,0.22713257,0.23343791
0.16992693,0.17279652,0.17518102,0.18130705,0.18244594
0.19054915,0.19095649,0.19227456,0.19326982,0.20585591
0.12541287,0.12702967,0.12863669,0.13776572,0.13867001
0.13367340,0.14014781,0.14878710,0.15570804,0.15589778
0.12335658,0.13068078,0.13535488,0.13613869,0.14302433
0.23114519,0.23610035,0.23627044,0.23862134,0.24082337
0.15901035,0.16598205,0.16971521,0.17156723,0.17830276
0.17685424,0.19447401,0.20171307,0.21009961,0.21186055
0.15207435,0.16020343,0.16454424,0.16786066,0.16792236
0.12391277,0.12815171,0.13071984,0.13378805,0.13565464
0.18185163,0.18230903,0.19237474,0.19916719,0.19922180
0.11660822,0.11836137,0.12057573,0.12393350,0.13306245
0.21385784,0.21603371,0.21933161,0.22792970,0.22889613
0.10617240,0.11010022,0.11339071,0.11866395,0.12165630
0.10512070,0.10654383,0.10790125,0.10903829,0.10968622
0.17264828,0.17664005,0.18090859,0.18090859,0.20185649
0.13354535,0.13381734,0.14921558,0.16442603,0.17131564
0.11694549,0.12416698,0.15236849,0.15968600,0.16249239
0.19434687,0.19836478,0.22727691,0.22799957,0.23001198
0.13482152,0.16341394,0.17677100,0.17730191,0.17753331
0.14252815,0.16774328,0.17383845,0.17475720,0.17876010
0.21443121,0.21759336,0.21798745,0.22209035,0.22743981
0.13829696,0.14712499,0.14793205,0.15197931,0.16340865
0.10892624,0.12094140,0.12129665,0.12619627,0.13013588
0.13326368,0.13492383,0.14092784,0.14369752,0.14994392
0.12069843,0.12296487,0.12595613,0.12841928,0.12855487
0.13998422,0.14535449,0.14912537,0.14941996,0.15007332
0.03711564,0.03751791,0.03783537,0.04063958,0.04566156
0.09402351,0.09633211,0.09874051,0.10224544,0.10514558
0.04197595,0.08317339,0.09072546,0.09417167,0.11846771
0.04161125,0.09054931,0.09782575,0.10149057,0.12652673
0.11285590,0.11722416,0.12013105,0.12182122,0.12547898
0.18933076,0.20292687,0.20481677,0.20636696,0.20670888
0.14623220,0.15264821,0.15607284,0.16023810,0.16158299
0.18775739,0.18863828,0.20678692,0.20682171,0.21194492
0.16209692,0.16650218,0.16827954,0.16979478,0.17010412
0.18199669,0.18526310,0.18886000,0.18910491,0.18961328
0.16862902,0.16931316,0.17048913,0.17126921,0.17834696
0.17878139,0.18180375,0.18327779,0.19134393,0.19408290
0.12317611,0.19562741,0.20716053,0.21018082,0.21323600
0.10877875,0.11697807,0.12327656,0.12510848,0.12721607
0.10499026,0.10520512,0.10633534,0.12536238,0.12704666
0.16186744,0.17198095,0.17628860,0.18395823,0.19312181
0.18550074,0.19321992,0.19554356,0.20429146,0.20835552
0.13229735,0.19066386,0.19490352,0.20332450,0.20514354
0.14927518,0.15094163,0.15258634,0.15427233,0.15834284
0.18582368,0.18744558,0.19571432,0.19583634,0.19755903
0.14926800,0.15352170,0.15356615,0.15442219,0.15483871
0.20997992,0.21666621,0.22267418,0.22273141,0.22749050
0.13586350,0.14153798,0.14289585,0.14307025,0.14546920
0.12095967,0.12324665,0.14247872,0.14352693,0.14394113
0.15700969,0.17182139,0.18818982,0.20676251,0.20729488
0.12765019,0.14474729,0.15814364,0.16193029,0.16979937
0.13104829,0.16368520,0.16373862,0.16434234,0.17138642
0.03770902,0.22173850,0.23286481,0.23737390,0.23973657
0.20706646,0.23562634,0.23879160,0.24811488,0.25197712
0.27128083,0.27427226,0.27510613,0.27615836,0.27896148
0.24272203,0.24649027,0.25266430,0.25421304,0.26179352
0.11125586,0.12900347,0.12933433,0.13115668,0.13256408
0.20044504,0.21120459,0.21727332,0.22552246,0.22597978
0.16004898,0.20124696,0.20413576,0.20770752,0.21543925
0.19537450,0.21040756,0.21699548,0.22514507,0.22729126
0.03422685,0.03697638,0.04164022,0.05596220,0.06114502
0.04583792,0.04949688,0.06036353,0.08541568,0.09554023
0.22494696,0.22628424,0.22770384,0.23784834,0.24021491
0.19444957,0.20173334,0.20433727,0.20676623,0.20742911
0.22183348,0.22832817,0.23572829,0.23646155,0.23702101
0.19426899,0.19484933,0.19940691,0.20144019,0.20167242
0.15882711,0.17197493,0.17371196,0.17380466,0.17523310
0.15993345,0.16828859,0.17088600,0.17234023,0.17294168
0.15541986,0.18422829,0.18485841,0.18925402,0.20782143
0.15379283,0.17021975,0.17287441,0.17703821,0.17771059
0.00000024,0.07538058,0.07926130,0.09982990,0.11679525
0.20141694,0.20586383,0.20679273,0.21730922,0.21916598
0.09338883,0.09944959,0.10102744,0.10653242,0.10657049
0.17294677,0.18034154,0.18621638,0.19442260,0.19908129
0.00000011,0.02951460,0.03395325,0.03645530,0.03728366
0.20158425,0.20692588,0.21014908,0.21129160,0.21311916
0.13644609,0.14293221,0.14433482,0.14567997,0.14855854
0.18336987,0.19128296,0.19192991,0.19411644,0.19781369
0.16049603,0.17332436,0.17592230,0.18184581,0.18333261
0.15869139,0.17192069,0.17571506,0.17659594,0.17793165
0.15532374,0.16881570,0.17785694,0.17965713,0.18221803
0.14622846,0.16819853,0.17342955,0.17437929,0.17794439
0.17006370,0.17506979,0.18157819,0.18182993,0.18470995
0.19421527,0.20031451,0.20336726,0.20483923,0.20960854
0.18020713,0.18382540,0.18682687,0.19704397,0.19797161
0.18950525,0.18956354,0.19173162,0.19326141,0.19419721
0.18629123,0.19830418,0.20193437,0.20644629,0.20972036
0.14031360,0.14123715,0.14431830,0.14475277,0.14870676
0.18405850,0.19738528,0.20047334,0.20206033,0.20303813
0.14634456,0.15371777,0.16618508,0.16757829,0.17029233
0.12857224,0.13532177,0.15855877,0.16745062,0.16843545
0.14402734,0.15516926,0.15676264,0.15913679,0.15982094
0.14298390,0.14732085,0.14941536,0.15468393,0.15634653
0.23462231,0.23765892,0.23772125,0.24027118,0.24448466
0.17250310,0.20038784,0.20589010,0.21146122,0.22539057
0.13920325,0.13927010,0.14755744,0.15159541,0.15919232
0.20036301,0.20534028,0.21980409,0.22335881,0.22591658
0.13469899,0.14091960,0.15148632,0.15337202,0.15446071
0.20772879,0.23882234,0.24135792,0.24486379,0.24759418
0.18482991,0.18735646,0.20096131,0.20687710,0.20884861
0.14771637,0.14911535,0.15147835,0.16027820,0.16156934
0.08393160,0.09246817,0.10028560,0.10086939,0.10197657
0.06959977,0.07586116,0.08499512,0.08947555,0.09245754
0.08390024,0.08926459,0.09340771,0.10125136,0.10289265
0.15109052,0.18150124,0.18252704,0.18667655,0.18895753
0.23044553,0.23133124,0.23353066,0.23796745,0.23951483
0.17512126,0.18370223,0.18841563,0.19748396,0.19846877
0.20289308,0.20970760,0.22224738,0.22796908,0.23082915
0.15005308,0.15962344,0.16155422,0.16190584,0.16293900
0.08405080,0.10024095,0.10089994,0.10220780,0.10373051
0.14686482,0.16294296,0.16521271,0.17183639,0.18254642
0.17093259,0.17865585,0.18021330,0.18106589,0.18925400
0.15515488,0.15743357,0.15858150,0.16371535,0.16667408
0.16278294,0.16608405,0.17488676,0.17603333,0.17836952
0.16964109,0.17267348,0.17502524,0.18839625,0.18923189
0.17177039,0.20464538,0.22607315,0.23037657,0.23803250
0.19212399,0.19968998,0.20299548,0.20753221,0.20840834
0.11524383,0.11869998,0.11904682,0.12198237,0.13491844
0.13117594,0.13213448,0.13886659,0.14419380,0.14936389
0.17140503,0.17385064,0.17722541,0.18690556,0.18716659
0.10978712,0.12350378,0.13558610,0.15145032,0.15525328
0.12520845,0.16765690,0.17183977,0.17199601,0.17806016
0.18275963,0.19344716,0.19350369,0.19749454,0.19947603
0.17136569,0.17656715,0.17699252,0.18521790,0.18571892
0.17881748,0.20220903,0.22763750,0.22886604,0.23082198
0.20667413,0.20671281,0.20770974,0.20929329,0.20940962
0.15685533,0.16105540,0.16534235,0.16846277,0.17238295
0.16409786,0.19275075,0.19568276,0.19640221,0.19992766
0.16147178,0.16587277,0.18221475,0.18766567,0.18902203
0.15849118,0.16900291,0.17858243,0.17871675,0.17913088
0.13813864,0.14649622,0.15861778,0.15944083,0.15964952
0.17672709,0.20214164,0.20869964,0.20997530,0.21299832
0.16988224,0.19156767,0.19590734,0.19710019,0.19741622
0.10125418,0.10323777,0.11347093,0.11636721,0.12307195
0.12405296,0.12938212,0.13303497,0.13347332,0.13559273
0.14009389,0.15219861,0.16099851,0.16631699,0.16653623
0.16405372,0.16790105,0.18014620,0.18062922,0.18128105
0.18950859,0.19842315,0.19993134,0.20048843,0.20251182
0.18091029,0.20856677,0.21587643,0.21814120,0.22227672
0.16432762,0.17275819,0.18506610,0.18723878,0.18769398
0.07862606,0.12166390,0.12467787,0.13032435,0.13879512
0.08934024,0.12325878,0.13045207,0.13524199,0.15164416
0.22354139,0.23915103,0.24167438,0.24502783,0.24520649
0.12696205,0.14036824,0.14470427,0.15284793,0.16238797
0.15707621,0.17794827,0.18319967,0.18372506,0.18665566
0.13078789,0.13850944,0.14013119,0.14407080,0.15067846
0.15564817,0.15579946,0.16092867,0.16662946,0.17703389
0.18085746,0.20046593,0.20484982,0.20738435,0.21296984
0.22330619,0.22372591,0.23040965,0.23496534,0.23540646
0.20563722,0.20801450,0.21981312,0.22068197,0.22156571
0.14819744,0.14826573,0.15015644,0.15196463,0.15996858
0.18864705,0.18941662,0.18942967,0.19184990,0.19403712
0.18839404,0.20521542,0.20560768,0.22040841,0.22419769
0.18992054,0.19733444,0.20958883,0.20989722,0.21498823
0.14536481,0.16380119,0.16626349,0.16922846,0.18316576
0.19938064,0.20150915,0.22229400,0.22616914,0.23603748
0.17472936,0.20295241,0.20440708,0.20673312,0.20881167
0.14149326,0.16146988,0.17079175,0.17190988,0.17284988
0.16162583,0.18973641,0.19380988,0.19594932,0.19840130
0.18907131,0.18948656,0.20223513,0.20335662,0.20756437
0.14046046,0.14046046,0.14395861,0.16667312,0.17178574
0.20895591,0.22083707,0.22908506,0.23059502,0.23290697
0.17513394,0.17553668,0.18852201,0.22119594,0.23292910
0.13722599,0.16061161,0.18606126,0.18975180,0.19140396
0.09663555,0.10296945,0.10426202,0.10871602,0.10914095
0.08389191,0.11301134,0.11350510,0.11476188,0.11704513
0.08316366,0.08770322,0.09841748,0.10126609,0.10213041
0.12540919,0.14832428,0.15175802,0.15970327,0.15972744
0.11268052,0.12284273,0.12540796,0.13030404,0.13123320
0.15205292,0.15638992,0.16986835,0.17451078,0.17933983
0.19656044,0.21145549,0.22309315,0.23021702,0.23181665
0.14314237,0.15548809,0.15865280,0.16161019,0.16992463
0.15776852,0.16436705,0.18014291,0.18280686,0.19937991
0.17497462,0.18027847,0.18105310,0.18746957,0.18970992
0.16941309,0.17183691,0.17636199,0.18572453,0.18910174
0.12949312,0.13314623,0.14707105,0.15139392,0.15253791
0.16899703,0.17418626,0.17956837,0.18037465,0.18591192
0.16226014,0.19252232,0.19381526,0.19532929,0.20433672
0.16935590,0.17624135,0.17787021,0.18171290,0.18508559
0.11095406,0.11581829,0.14073916,0.14231415,0.14388305
0.15385441,0.16854665,0.17603822,0.17684725,0.17824614
0.15794806,0.19573456,0.20385066,0.21402118,0.21569571
0.15366876,0.15366876,0.16512363,0.16721080,0.16763213
0.11713533,0.11827290,0.12191680,0.12481625,0.12628925
0.11235773,0.11515320,0.11754376,0.11864770,0.11958717
0.19481261,0.20421650,0.21765001,0.21957269,0.23318149
0.22281605,0.23281598,0.23464417,0.24552032,0.24628104
0.20226607,0.20233408,0.21665293,0.21804991,0.21933161
0.13768768,0.14403187,0.15069588,0.15092474,0.15266685
0.18542892,0.18945919,0.19809289,0.20669115,0.20829719
0.18406302,0.19441029,0.19641510,0.19929336,0.19961998
0.18337876,0.18720035,0.19311756,0.19604582,0.19709097
0.08682684,0.11082749,0.11737889,0.11856415,0.11993340
0.20053443,0.20442016,0.20916753,0.21164533,0.21205546
0.16970159,0.17136808,0.18309517,0.18708564,0.18841805
0.11404458,0.14008458,0.15424123,0.16320883,0.16476613
0.14773741,0.16715598,0.17386584,0.17399365,0.17598327
0.13967901,0.14276603,0.14383096,0.14575142,0.14711042
0.12856320,0.14777686,0.14842731,0.15249118,0.15360899
0.11059162,0.12593077,0.12927400,0.16983335,0.17574026
0.18595651,0.20022069,0.21191607,0.21400490,0.21450822
0.14555885,0.14797564,0.14813562,0.15434974,0.15545380
0.17398566,0.18727967,0.19862866,0.20325473,0.21131656
0.15374467,0.15461180,0.15929578,0.15942171,0.16346104
0.17713168,0.18560652,0.18666013,0.18887533,0.19077244
0.20163675,0.20610891,0.21906942,0.22525133,0.23034459
0.06177711,0.09987722,0.10501443,0.11555369,0.11586485
0.15012042,0.16386785,0.16687089,0.16728354,0.16832657
0.18952633,0.18987419,0.19841047,0.20099451,0.20842722
0.16564181,0.16654477,0.18276018,0.18693516,0.19753845
0.18290794,0.19301496,0.19979563,0.20043112,0.20362586
0.18170477,0.19528407,0.20343468,0.20405780,0.20789139
0.12076145,0.13253337,0.13383096,0.13841212,0.14462635
0.14091283,0.15106131,0.15393049,0.15537569,0.15839911
0.16822687,0.17297122,0.17413375,0.17923056,0.18225637
0.13777238,0.14164212,0.14451137,0.15372333,0.15780160
0.11918300,0.13589643,0.14649385,0.15480638,0.15515827
0.17667678,0.17815080,0.20187166,0.20864367,0.21607147
0.17619729,0.17930423,0.17933469,0.18189175,0.18651907
0.21104594,0.21436138,0.21454541,0.22017209,0.22048569
0.21624126,0.21704896,0.23037234,0.23433708,0.23495308
0.18725549,0.18780816,0.19556190,0.19815941,0.20283246
0.18213950,0.18857694,0.19287199,0.19458108,0.19804141
0.03806140,0.08976823,0.10298446,0.15959877,0.16268039
-0.00000007,0.08139998,0.08436206,0.11678597,0.11881349
0.15479831,0.16128458,0.17495970,0.18157887,0.18248424
0.13599718,0.14116071,0.14573164,0.14752227,0.15355670
0.16200894,0.16673014,0.16820982,0.17194106,0.17664443
0.11748669,0.12204358,0.12229111,0.12784408,0.12950552
-0.00000037,0.02945795,0.03916690,0.05045143,0.05292178
0.12145746,0.14217469,0.14283243,0.14454170,0.14851740
0.08776274,0.10350116,0.11873633,0.13671438,0.14144303
0.16099499,0.16809708,0.16824318,0.17726010,0.18361743
0.12660502,0.13227254,0.13692963,0.14595751,0.14736438
0.21318890,0.21533567,0.21802171,0.22386295,0.22426972
0.06028402,0.08947714,0.08947714,0.09857064,0.10103031
0.07424754,0.11003386,0.11003386,0.11096431,0.12399594
0.04036440,0.04079103,0.04340734,0.05261821,0.06463493
0.04688768,0.05335271,0.05639289,0.07553628,0.07839940
0.05388775,0.05461306,0.06062076,0.06526815,0.06562889
0.15399925,0.18934390,0.19816084,0.19987388,0.20122261
0.17574811,0.20948599,0.21022725,0.21181370,0.22566552
0.12147150,0.12159932,0.13391133,0.14914362,0.15123282
0.19168250,0.19273616,0.20588146,0.20614432,0.20690145
0.11865319,0.12025850,0.12690122,0.12944180,0.13243581
0.15921651,0.16601345,0.16865760,0.16909522,0.17337641
0.14294638,0.14381334,0.15016422,0.15136780,0.15458915
0.11051112,0.15316442,0.15552680,0.15998188,0.16098304
0.21437171,0.22441763,0.22873366,0.22995505,0.23076330
0.13461207,0.14038268,0.14702292,0.15069830,0.15270165
0.08114750,0.09424160,0.09509026,0.09965073,0.10138812
0.23184915,0.23205741,0.23355715,0.23454274,0.23519412
0.12077168,0.12923963,0.13141887,0.13189009,0.13412638
0.19853465,0.20193349,0.20686303,0.20925663,0.21822211
0.10526574,0.10791955,0.11592773,0.11933435,0.12155963
0.22781307,0.23509659,0.24011946,0.24314183,0.24385716
0.11131994,0.11169655,0.11569346,0.11966135,0.12503107
0.08125396,0.09216278,0.09857621,0.09970250,0.10618490
0.13140135,0.13535501,0.14215878,0.14224266,0.14238828
0.09446986,0.10777732,0.10800315,0.10982576,0.11022061
0.09551405,0.09616546,0.09877180,0.09949558,0.10235531
0.15491685,0.16318640,0.16655944,0.18007474,0.18149629
0.18333705,0.19053869,0.20588046,0.21552390,0.21787876
0.15355289,0.15394761,0.15660869,0.16021964,0.16724877
0.17129843,0.18066195,0.19023104,0.19181938,0.19597712
0.13619483,0.13710137,0.13744268,0.14454226,0.15340447
0.15221322,0.15276118,0.16994946,0.17383000,0.17987917
